32 32
0 7.469915142E-12 6.154923512E-12 6.12228381E-12 6.105833E-12 6.124890667E-12 6.101419207E-12 6.104375096E-12 7.117934268E-12 6.251786893E-12 6.130340082E-12 6.123880546E-12 6.11260545E-12 6.117366528E-12 6.147283946E-12 6.103917672E-12 6.12044468E-12 6.137570906E-12 6.076180729E-12 6.127773857E-12 6.117226211E-12 6.116793542E-12 6.124843311E-12 6.1119753E-12 6.118832374E-12 6.097820927E-12 6.105035806E-12 6.118278246E-12 6.076689134E-12 6.06446058E-12 6.097787519E-12 6.134918437E-12 
0 0 7.475894605E-12 6.179776175E-12 6.140975462E-12 6.156143259E-12 6.132492113E-12 6.133998015E-12 6.242641097E-12 7.016920753E-12 6.25912778E-12 6.162489175E-12 6.144136112E-12 6.146811525E-12 6.175713069E-12 6.133937802E-12 6.127017373E-12 6.167198805E-12 6.106017647E-12 6.159231216E-12 6.146431613E-12 6.145487573E-12 6.153979042E-12 6.141363338E-12 6.14218117E-12 6.126272087E-12 6.133871839E-12 6.147842438E-12 6.107064572E-12 6.096503189E-12 6.126213876E-12 6.16228751E-12 
0 0 0 7.327559071E-12 6.126105026E-12 6.116403237E-12 6.086015867E-12 6.08759676E-12 6.102963384E-12 6.211682122E-12 7.05374505E-12 6.206750826E-12 6.107630912E-12 6.10253259E-12 6.128130787E-12 6.083302125E-12 6.071875319E-12 6.112545126E-12 6.063337445E-12 6.115207878E-12 6.100077384E-12 6.097994767E-12 6.106068892E-12 6.092745249E-12 6.092319096E-12 6.077295385E-12 6.08377045E-12 6.098918118E-12 6.056280146E-12 6.045906542E-12 6.077130277E-12 6.114376562E-12 
0 0 0 0 7.422810228E-12 6.188544835E-12 6.135261848E-12 6.132638974E-12 6.128481675E-12 6.158477541E-12 6.243390331E-12 7.102988918E-12 6.231222547E-12 6.151343551E-12 6.171448345E-12 6.126074725E-12 6.107614006E-12 6.148489329E-12 6.096851803E-12 6.157110258E-12 6.141822157E-12 6.140467629E-12 6.146473951E-12 6.13480509E-12 6.13027634E-12 6.11414373E-12 6.12291877E-12 6.136512947E-12 6.096523944E-12 6.085327834E-12 6.11636394E-12 6.153407292E-12 
0 0 0 0 0 7.402355993E-12 6.15041017E-12 6.12497512E-12 6.106767888E-12 6.131356338E-12 6.129495683E-12 6.242986873E-12 7.031378876E-12 6.225675869E-12 6.165173907E-12 6.114023514E-12 6.089121883E-12 6.12917205E-12 6.076997816E-12 6.136743238E-12 6.131004072E-12 6.127116514E-12 6.132932924E-12 6.119042244E-12 6.114868574E-12 6.099126657E-12 6.106297717E-12 6.120649105E-12 6.080672175E-12 6.069797423E-12 6.101204898E-12 6.136345506E-12 
0 0 0 0 0 0 7.338797719E-12 6.130148969E-12 6.069592768E-12 6.091942889E-12 6.084044787E-12 6.104107971E-12 6.196707665E-12 6.952196867E-12 6.225553259E-12 6.093232599E-12 6.053687381E-12 6.093805732E-12 6.041558781E-12 6.099972489E-12 6.091018171E-12 6.096963541E-12 6.104250027E-12 6.08975449E-12 6.079114703E-12 6.063772146E-12 6.069613226E-12 6.087167418E-12 6.047705297E-12 6.037489326E-12 6.066734467E-12 6.10517893E-12 
0 0 0 0 0 0 0 7.529759779E-12 6.111413985E-12 6.135124686E-12 6.123818004E-12 6.133514709E-12 6.138164906E-12 6.238976884E-12 7.167018793E-12 6.237586118E-12 6.095801908E-12 6.135396694E-12 6.079356291E-12 6.136664434E-12 6.128683943E-12 6.134330644E-12 6.149949995E-12 6.135552527E-12 6.120118975E-12 6.103644054E-12 6.111828841E-12 6.129104623E-12 6.089338365E-12 6.078126272E-12 6.109529638E-12 6.147826218E-12 
0 0 0 0 0 0 0 0 6.115414928E-12 6.138049984E-12 6.126928595E-12 6.135433082E-12 6.133233401E-12 6.151863167E-12 6.293365766E-12 7.10883508E-12 6.09846978E-12 6.137215271E-12 6.083215679E-12 6.138897181E-12 6.130765108E-12 6.134823998E-12 6.150701449E-12 6.161417631E-12 6.125810689E-12 6.105958463E-12 6.111733889E-12 6.129252276E-12 6.091418985E-12 6.081279466E-12 6.114278073E-12 6.159473106E-12 
0 0 0 0 0 0 0 0 0 7.38800859E-12 6.147269748E-12 6.128751902E-12 6.116504443E-12 6.121075277E-12 6.148458445E-12 6.107520731E-12 7.13729106E-12 6.25113306E-12 6.090084616E-12 6.134507491E-12 6.12029245E-12 6.119379118E-12 6.129179178E-12 6.116772952E-12 6.146606579E-12 6.10991194E-12 6.112775636E-12 6.124984055E-12 6.083491876E-12 6.071111488E-12 6.101296936E-12 6.138171624E-12 
0 0 0 0 0 0 0 0 0 0 7.433031088E-12 6.149203476E-12 6.120369523E-12 6.124239405E-12 6.150410413E-12 6.107922251E-12 6.20315675E-12 7.058548499E-12 6.180261094E-12 6.144843265E-12 6.123431081E-12 6.121187667E-12 6.13033624E-12 6.118695625E-12 6.128588216E-12 6.113479096E-12 6.115682108E-12 6.125208756E-12 6.083806866E-12 6.073968089E-12 6.104783026E-12 6.140466036E-12 
0 0 0 0 0 0 0 0 0 0 0 7.227573416E-12 6.165370534E-12 6.150494375E-12 6.176681124E-12 6.133883935E-12 6.130984439E-12 6.268771352E-12 6.963247556E-12 6.26117781E-12 6.157983997E-12 6.149742566E-12 6.154110414E-12 6.140130835E-12 6.142611051E-12 6.130572859E-12 6.143531397E-12 6.152214748E-12 6.108110802E-12 6.095227446E-12 6.125064391E-12 6.160219634E-12 
0 0 0 0 0 0 0 0 0 0 0 0 7.308018058E-12 6.154842327E-12 6.164565004E-12 6.119295605E-12 6.102739487E-12 6.150906114E-12 6.188077372E-12 7.023657394E-12 6.243731064E-12 6.141451433E-12 6.140755846E-12 6.126614583E-12 6.125367749E-12 6.111576229E-12 6.12330671E-12 6.141563226E-12 6.098350888E-12 6.084454437E-12 6.111598248E-12 6.145666262E-12 
0 0 0 0 0 0 0 0 0 0 0 0 0 7.333196138E-12 6.16835862E-12 6.106657629E-12 6.081552607E-12 6.123155832E-12 6.079310692E-12 6.221458419E-12 7.040189937E-12 6.219979559E-12 6.13528603E-12 6.112720181E-12 6.107035027E-12 6.092348132E-12 6.102655203E-12 6.122828814E-12 6.08604898E-12 6.070615353E-12 6.097932922E-12 6.13148623E-12 
0 0 0 0 0 0 0 0 0 0 0 0 0 0 7.30017474E-12 6.129900178E-12 6.08165017E-12 6.119571406E-12 6.067551881E-12 6.135192406E-12 6.216562009E-12 7.05890145E-12 6.230847419E-12 6.126557752E-12 6.105840413E-12 6.09095728E-12 6.100736395E-12 6.116559921E-12 6.080953928E-12 6.073698075E-12 6.102186723E-12 6.137585884E-12 
0 0 0 0 0 0 0 0 0 0 0 0 0 0 0 7.448045767E-12 6.100284666E-12 6.139519217E-12 6.085676297E-12 6.144704512E-12 6.144390189E-12 6.238777936E-12 7.009133611E-12 6.241111852E-12 6.123570642E-12 6.10900985E-12 6.117916568E-12 6.133740744E-12 6.096691794E-12 6.088975731E-12 6.126463634E-12 6.163139853E-12 
0 0 0 0 0 0 0 0 0 0 0 0 0 0 0 0 6.105562513E-12 6.143555804E-12 6.09024946E-12 6.146298456E-12 6.139757668E-12 6.152009796E-12 6.270259449E-12 7.142809689E-12 6.128905661E-12 6.113832636E-12 6.12230523E-12 6.138747313E-12 6.099763736E-12 6.092564293E-12 6.129584421E-12 6.186199676E-12 
0 0 0 0 0 0 0 0 0 0 0 0 0 0 0 0 0 7.384880291E-12 6.109191555E-12 6.140702251E-12 6.124499434E-12 6.12367794E-12 6.131270205E-12 6.119345292E-12 7.139152248E-12 6.227722905E-12 6.13021942E-12 6.13147761E-12 6.084752181E-12 6.072791932E-12 6.103890053E-12 6.140855844E-12 
0 0 0 0 0 0 0 0 0 0 0 0 0 0 0 0 0 0 7.379646063E-12 6.195124126E-12 6.164029984E-12 6.160619259E-12 6.169807806E-12 6.157029402E-12 6.269495159E-12 6.995139915E-12 6.254202136E-12 6.177939561E-12 6.126354609E-12 6.111816236E-12 6.142473136E-12 6.179206563E-12 
0 0 0 0 0 0 0 0 0 0 0 0 0 0 0 0 0 0 0 7.26341333E-12 6.14651418E-12 6.126888521E-12 6.131235481E-12 6.116357803E-12 6.132891121E-12 6.216794358E-12 7.015070772E-12 6.23094789E-12 6.092692379E-12 6.07460115E-12 6.103308331E-12 6.136746066E-12 
0 0 0 0 0 0 0 0 0 0 0 0 0 0 0 0 0 0 0 0 7.374269071E-12 6.09378802E-12 6.082556211E-12 6.068005573E-12 6.067928998E-12 6.062280632E-12 6.165938961E-12 7.016321872E-12 6.136877256E-12 6.034302752E-12 6.054285001E-12 6.088234478E-12 
0 0 0 0 0 0 0 0 0 0 0 0 0 0 0 0 0 0 0 0 0 7.253809114E-12 6.161648816E-12 6.130669169E-12 6.122338751E-12 6.110105822E-12 6.128797699E-12 6.243513776E-12 6.971112007E-12 6.18997733E-12 6.122676715E-12 6.149553149E-12 
0 0 0 0 0 0 0 0 0 0 0 0 0 0 0 0 0 0 0 0 0 0 7.333200708E-12 6.139812981E-12 6.107677321E-12 6.092137675E-12 6.102641392E-12 6.129457938E-12 6.183800414E-12 6.955713297E-12 6.207490168E-12 6.150540426E-12 
0 0 0 0 0 0 0 0 0 0 0 0 0 0 0 0 0 0 0 0 0 0 0 7.39140217E-12 6.141024373E-12 6.125337783E-12 6.133947786E-12 6.152844321E-12 6.123730196E-12 6.205161582E-12 7.010083798E-12 6.282548092E-12 
0 0 0 0 0 0 0 0 0 0 0 0 0 0 0 0 0 0 0 0 0 0 0 0 6.106967618E-12 6.091028863E-12 6.099528813E-12 6.116122109E-12 6.079199106E-12 6.081637583E-12 6.223328792E-12 7.260330236E-12 
0 0 0 0 0 0 0 0 0 0 0 0 0 0 0 0 0 0 0 0 0 0 0 0 0 7.365917756E-12 6.13559118E-12 6.11755446E-12 6.067575201E-12 6.053575528E-12 6.082180989E-12 6.118494766E-12 
0 0 0 0 0 0 0 0 0 0 0 0 0 0 0 0 0 0 0 0 0 0 0 0 0 0 7.361043047E-12 6.150500246E-12 6.077162605E-12 6.059687189E-12 6.087927076E-12 6.121988735E-12 
0 0 0 0 0 0 0 0 0 0 0 0 0 0 0 0 0 0 0 0 0 0 0 0 0 0 0 7.48486618E-12 6.080424306E-12 6.037953073E-12 6.062182711E-12 6.098265588E-12 
0 0 0 0 0 0 0 0 0 0 0 0 0 0 0 0 0 0 0 0 0 0 0 0 0 0 0 0 7.321379825E-12 6.102155823E-12 6.102055604E-12 6.13245666E-12 
0 0 0 0 0 0 0 0 0 0 0 0 0 0 0 0 0 0 0 0 0 0 0 0 0 0 0 0 0 7.37481131E-12 6.111151161E-12 6.117854698E-12 
0 0 0 0 0 0 0 0 0 0 0 0 0 0 0 0 0 0 0 0 0 0 0 0 0 0 0 0 0 0 7.286790135E-12 6.145479788E-12 
0 0 0 0 0 0 0 0 0 0 0 0 0 0 0 0 0 0 0 0 0 0 0 0 0 0 0 0 0 0 0 7.549238961E-12 
0 0 0 0 0 0 0 0 0 0 0 0 0 0 0 0 0 0 0 0 0 0 0 0 0 0 0 0 0 0 0 0