32 32
0 7.469285494E-12 6.150655582E-12 6.121315238E-12 6.104520549E-12 6.123763517E-12 6.103193672E-12 6.102177272E-12 7.118352033E-12 6.251609315E-12 6.130199833E-12 6.122025581E-12 6.109073007E-12 6.115556628E-12 6.143472859E-12 6.102120815E-12 6.11870614E-12 6.135385826E-12 6.073368297E-12 6.127102369E-12 6.1142776E-12 6.113199248E-12 6.124151398E-12 6.111061107E-12 6.11690498E-12 6.096016275E-12 6.099089251E-12 6.114916512E-12 6.073104524E-12 6.066198894E-12 6.094751675E-12 6.131753546E-12 
0 0 7.47392165E-12 6.17942444E-12 6.139964276E-12 6.154070934E-12 6.129822359E-12 6.129609556E-12 6.240575366E-12 7.015130536E-12 6.259154899E-12 6.159869225E-12 6.141992714E-12 6.147051323E-12 6.172132913E-12 6.131007625E-12 6.122809464E-12 6.164097859E-12 6.103573097E-12 6.157288859E-12 6.142396297E-12 6.142463754E-12 6.152254212E-12 6.138462711E-12 6.140871395E-12 6.12270026E-12 6.132194123E-12 6.145297572E-12 6.103488613E-12 6.091032923E-12 6.123325729E-12 6.158919256E-12 
0 0 0 7.323886395E-12 6.120947291E-12 6.114098996E-12 6.086021609E-12 6.086886278E-12 6.099771965E-12 6.207913033E-12 7.052917401E-12 6.206166002E-12 6.105235222E-12 6.101107629E-12 6.126475282E-12 6.085468892E-12 6.070858759E-12 6.110424232E-12 6.061677413E-12 6.113648604E-12 6.096597462E-12 6.096348817E-12 6.106332302E-12 6.092947895E-12 6.091310886E-12 6.075069579E-12 6.081573291E-12 6.097470354E-12 6.0567949E-12 6.0460735E-12 6.077274094E-12 6.112381858E-12 
0 0 0 0 7.422233732E-12 6.18569028E-12 6.132830436E-12 6.127925036E-12 6.12441928E-12 6.155863398E-12 6.242089763E-12 7.100423842E-12 6.228097237E-12 6.147119803E-12 6.166669448E-12 6.125098911E-12 6.107631848E-12 6.146814327E-12 6.094566772E-12 6.15751909E-12 6.138553961E-12 6.136646797E-12 6.143138937E-12 6.130834157E-12 6.128478313E-12 6.113391512E-12 6.120536622E-12 6.133165693E-12 6.096234261E-12 6.086322719E-12 6.114972891E-12 6.151819227E-12 
0 0 0 0 0 7.401904793E-12 6.148982263E-12 6.123092916E-12 6.10347211E-12 6.129201536E-12 6.127992138E-12 6.241836899E-12 7.029523159E-12 6.224239388E-12 6.163283399E-12 6.112896804E-12 6.085551596E-12 6.125498626E-12 6.073647925E-12 6.137240071E-12 6.125050095E-12 6.12286928E-12 6.131246993E-12 6.117189954E-12 6.112299065E-12 6.095412262E-12 6.105160713E-12 6.119238166E-12 6.079468359E-12 6.069408617E-12 6.099770861E-12 6.136189698E-12 
0 0 0 0 0 0 7.336395173E-12 6.129629239E-12 6.069641951E-12 6.092411264E-12 6.084112493E-12 6.102328583E-12 6.197085475E-12 6.951469875E-12 6.225335295E-12 6.093264701E-12 6.052916922E-12 6.092565889E-12 6.037153012E-12 6.100032338E-12 6.08681884E-12 6.097299075E-12 6.100918828E-12 6.087133617E-12 6.076685857E-12 6.061756525E-12 6.070360028E-12 6.084910055E-12 6.045423315E-12 6.034650751E-12 6.065103274E-12 6.103263576E-12 
0 0 0 0 0 0 0 7.528103108E-12 6.107930216E-12 6.130772793E-12 6.121948839E-12 6.130537475E-12 6.135681321E-12 6.236077677E-12 7.163299401E-12 6.233086962E-12 6.091005541E-12 6.131203347E-12 6.077905107E-12 6.136893518E-12 6.124088798E-12 6.129727E-12 6.146224871E-12 6.130643503E-12 6.117272353E-12 6.101083636E-12 6.109015164E-12 6.125456351E-12 6.084954012E-12 6.074645028E-12 6.107194263E-12 6.145067631E-12 
0 0 0 0 0 0 0 0 6.114372639E-12 6.135109666E-12 6.124828954E-12 6.131477733E-12 6.128784339E-12 6.150286663E-12 6.291084602E-12 7.105273716E-12 6.097543533E-12 6.134871173E-12 6.079941663E-12 6.139064418E-12 6.129054868E-12 6.133620482E-12 6.148534146E-12 6.156111599E-12 6.121349427E-12 6.105547799E-12 6.113923945E-12 6.129013675E-12 6.088956236E-12 6.079731825E-12 6.113609572E-12 6.155225413E-12 
0 0 0 0 0 0 0 0 0 7.38708077E-12 6.14303204E-12 6.125896146E-12 6.115226296E-12 6.116767431E-12 6.145087151E-12 6.101951825E-12 7.133043165E-12 6.249658474E-12 6.089688873E-12 6.135267906E-12 6.117595651E-12 6.117452603E-12 6.126681036E-12 6.113347199E-12 6.142146014E-12 6.105901104E-12 6.109211252E-12 6.121236168E-12 6.08040791E-12 6.067888108E-12 6.099889815E-12 6.134069334E-12 
0 0 0 0 0 0 0 0 0 0 7.428938126E-12 6.145128384E-12 6.116513208E-12 6.11727189E-12 6.145938302E-12 6.10288549E-12 6.197735772E-12 7.054249656E-12 6.174336478E-12 6.141008094E-12 6.121391541E-12 6.117734148E-12 6.125945646E-12 6.113051099E-12 6.123502423E-12 6.11057232E-12 6.111488314E-12 6.122472407E-12 6.079563132E-12 6.068716954E-12 6.09989554E-12 6.134258021E-12 
0 0 0 0 0 0 0 0 0 0 0 7.223240539E-12 6.160523979E-12 6.145546461E-12 6.172804146E-12 6.130660858E-12 6.126148502E-12 6.265521343E-12 6.960394867E-12 6.259738478E-12 6.1569924E-12 6.142713473E-12 6.148505822E-12 6.136709215E-12 6.139665817E-12 6.126529145E-12 6.139981625E-12 6.148421282E-12 6.10388185E-12 6.090519696E-12 6.121748206E-12 6.158574292E-12 
0 0 0 0 0 0 0 0 0 0 0 0 7.300740546E-12 6.152879905E-12 6.16045236E-12 6.116519914E-12 6.099141811E-12 6.147656445E-12 6.18077616E-12 7.032087073E-12 6.247519656E-12 6.13671011E-12 6.137514301E-12 6.122053219E-12 6.12254492E-12 6.108048559E-12 6.117708066E-12 6.136839585E-12 6.092449076E-12 6.078572183E-12 6.107686773E-12 6.141368217E-12 
0 0 0 0 0 0 0 0 0 0 0 0 0 7.326548368E-12 6.163700138E-12 6.102860523E-12 6.07616247E-12 6.118804687E-12 6.072294779E-12 6.272202274E-12 7.005028568E-12 6.210598344E-12 6.130177602E-12 6.109690084E-12 6.102160467E-12 6.088664217E-12 6.098706641E-12 6.115989242E-12 6.078303232E-12 6.063572611E-12 6.093606085E-12 6.126819061E-12 
0 0 0 0 0 0 0 0 0 0 0 0 0 0 7.294479216E-12 6.126049605E-12 6.07474541E-12 6.114391007E-12 6.064845016E-12 6.155117941E-12 6.197747192E-12 7.049145831E-12 6.227279751E-12 6.122472409E-12 6.101350319E-12 6.085599135E-12 6.091186686E-12 6.11031016E-12 6.073991219E-12 6.070213667E-12 6.096254907E-12 6.131947784E-12 
0 0 0 0 0 0 0 0 0 0 0 0 0 0 0 7.44346609E-12 6.095238592E-12 6.134567808E-12 6.079874469E-12 6.146829183E-12 6.134642961E-12 6.232904954E-12 7.004256935E-12 6.237900022E-12 6.119698726E-12 6.104590281E-12 6.113149724E-12 6.127618494E-12 6.090343396E-12 6.08342928E-12 6.121031743E-12 6.156658394E-12 
0 0 0 0 0 0 0 0 0 0 0 0 0 0 0 0 6.098683261E-12 6.138010344E-12 6.084753097E-12 6.145039675E-12 6.133838837E-12 6.146709588E-12 6.267567059E-12 7.139793752E-12 6.12329424E-12 6.108394076E-12 6.117718313E-12 6.133704643E-12 6.094134909E-12 6.086841173E-12 6.125025962E-12 6.182781837E-12 
0 0 0 0 0 0 0 0 0 0 0 0 0 0 0 0 0 7.38300001E-12 6.10319382E-12 6.136191783E-12 6.120296354E-12 6.118549128E-12 6.127421351E-12 6.116483798E-12 7.133827456E-12 6.221847597E-12 6.126842329E-12 6.126514854E-12 6.081147953E-12 6.069022344E-12 6.100541773E-12 6.133962506E-12 
0 0 0 0 0 0 0 0 0 0 0 0 0 0 0 0 0 0 7.376955124E-12 6.19352282E-12 6.162760505E-12 6.155860792E-12 6.166433511E-12 6.152579708E-12 6.262865537E-12 6.986996453E-12 6.244991068E-12 6.171504002E-12 6.12034486E-12 6.106200653E-12 6.135542217E-12 6.170670922E-12 
0 0 0 0 0 0 0 0 0 0 0 0 0 0 0 0 0 0 0 7.245347217E-12 6.176816058E-12 6.120290453E-12 6.125520467E-12 6.11244824E-12 6.128586306E-12 6.213663587E-12 7.017044331E-12 6.229748205E-12 6.088748412E-12 6.069486139E-12 6.098019171E-12 6.133210125E-12 
0 0 0 0 0 0 0 0 0 0 0 0 0 0 0 0 0 0 0 0 1.846919849E-11 6.305379355E-12 6.092304723E-12 6.065989709E-12 6.065855139E-12 6.059539963E-12 6.162937861E-12 7.02627942E-12 6.20857957E-12 6.060430505E-12 6.057275141E-12 6.086811724E-12 
0 0 0 0 0 0 0 0 0 0 0 0 0 0 0 0 0 0 0 0 0 7.127257164E-12 6.148239445E-12 6.121595904E-12 6.11629694E-12 6.104118327E-12 6.128739755E-12 6.251991316E-12 6.922888954E-12 6.168862334E-12 6.11363798E-12 6.143106231E-12 
0 0 0 0 0 0 0 0 0 0 0 0 0 0 0 0 0 0 0 0 0 0 7.32388285E-12 6.134746683E-12 6.102240524E-12 6.088097661E-12 6.099919348E-12 6.12390767E-12 6.173351011E-12 6.946400929E-12 6.201995449E-12 6.144478635E-12 
0 0 0 0 0 0 0 0 0 0 0 0 0 0 0 0 0 0 0 0 0 0 0 7.384856027E-12 6.134604995E-12 6.11810594E-12 6.128445362E-12 6.14652528E-12 6.116205828E-12 6.19916581E-12 7.005200046E-12 6.277202358E-12 
0 0 0 0 0 0 0 0 0 0 0 0 0 0 0 0 0 0 0 0 0 0 0 0 6.103459698E-12 6.084930158E-12 6.093059474E-12 6.109678796E-12 6.074285696E-12 6.076752271E-12 6.219033736E-12 7.257766533E-12 
0 0 0 0 0 0 0 0 0 0 0 0 0 0 0 0 0 0 0 0 0 0 0 0 0 7.360891671E-12 6.131419933E-12 6.112268441E-12 6.061088487E-12 6.046627174E-12 6.077663331E-12 6.114294451E-12 
0 0 0 0 0 0 0 0 0 0 0 0 0 0 0 0 0 0 0 0 0 0 0 0 0 0 7.356441081E-12 6.146620431E-12 6.072529712E-12 6.052940638E-12 6.082578301E-12 6.118643727E-12 
0 0 0 0 0 0 0 0 0 0 0 0 0 0 0 0 0 0 0 0 0 0 0 0 0 0 0 7.47949471E-12 6.074809784E-12 6.034289568E-12 6.058642996E-12 6.092851079E-12 
0 0 0 0 0 0 0 0 0 0 0 0 0 0 0 0 0 0 0 0 0 0 0 0 0 0 0 0 7.313298265E-12 6.09810019E-12 6.097895921E-12 6.127611093E-12 
0 0 0 0 0 0 0 0 0 0 0 0 0 0 0 0 0 0 0 0 0 0 0 0 0 0 0 0 0 7.371516076E-12 6.106833754E-12 6.114149028E-12 
0 0 0 0 0 0 0 0 0 0 0 0 0 0 0 0 0 0 0 0 0 0 0 0 0 0 0 0 0 0 7.282629402E-12 6.142121526E-12 
0 0 0 0 0 0 0 0 0 0 0 0 0 0 0 0 0 0 0 0 0 0 0 0 0 0 0 0 0 0 0 7.544136514E-12 
0 0 0 0 0 0 0 0 0 0 0 0 0 0 0 0 0 0 0 0 0 0 0 0 0 0 0 0 0 0 0 0 
