32 32
0 7.630007152E-12 6.320354352E-12 6.291569642E-12 6.274027682E-12 6.293237043E-12 6.270691224E-12 6.274170533E-12 7.278192798E-12 6.418387691E-12 6.299811919E-12 6.292462181E-12 6.281926451E-12 6.286314019E-12 6.316799331E-12 6.273352386E-12 6.287622504E-12 6.30646962E-12 6.244659364E-12 6.296616191E-12 6.284570969E-12 6.283582928E-12 6.295455783E-12 6.280455196E-12 6.29034452E-12 6.266199076E-12 6.273376102E-12 6.286634696E-12 6.243362972E-12 6.234578082E-12 6.267535803E-12 6.303502923E-12 
0 0 7.641421304E-12 6.344836918E-12 6.305227232E-12 6.318443364E-12 6.294770557E-12 6.301065824E-12 6.410782682E-12 7.183050038E-12 6.428898635E-12 6.330619992E-12 6.316190742E-12 6.317419885E-12 6.345501895E-12 6.304112024E-12 6.295122643E-12 6.338110945E-12 6.275428757E-12 6.328014142E-12 6.315423067E-12 6.315302361E-12 6.32601317E-12 6.312667977E-12 6.313920531E-12 6.294068034E-12 6.301513004E-12 6.317175885E-12 6.276598719E-12 6.264689505E-12 6.295975875E-12 6.329984056E-12 
0 0 0 7.496616504E-12 6.293504384E-12 6.286048938E-12 6.257896843E-12 6.258521731E-12 6.272604371E-12 6.380387183E-12 7.225235716E-12 6.376210751E-12 6.27787435E-12 6.272713095E-12 6.298995165E-12 6.256882275E-12 6.24270207E-12 6.284124785E-12 6.232037012E-12 6.284486953E-12 6.268859071E-12 6.269383847E-12 6.278308065E-12 6.265476274E-12 6.263533854E-12 6.247848821E-12 6.254690839E-12 6.269720357E-12 6.228549892E-12 6.215279129E-12 6.247438419E-12 6.285999125E-12 
0 0 0 0 7.594712788E-12 6.35777716E-12 6.303659914E-12 6.300602813E-12 6.296199012E-12 6.327589506E-12 6.412489965E-12 7.275373324E-12 6.403212868E-12 6.322450633E-12 6.340501297E-12 6.297189764E-12 6.275967001E-12 6.314667989E-12 6.2639859E-12 6.326926496E-12 6.308068477E-12 6.304653368E-12 6.312630094E-12 6.299359984E-12 6.298867803E-12 6.282557472E-12 6.292556438E-12 6.30901625E-12 6.266726346E-12 6.257259802E-12 6.289244011E-12 6.322639599E-12 
0 0 0 0 0 7.572611069E-12 6.320508278E-12 6.295325507E-12 6.277045467E-12 6.300747728E-12 6.298901493E-12 6.412130679E-12 7.203330973E-12 6.394903062E-12 6.335347167E-12 6.286009364E-12 6.261123988E-12 6.300780448E-12 6.24629459E-12 6.307408436E-12 6.301682325E-12 6.296547673E-12 6.302746494E-12 6.288695994E-12 6.282967508E-12 6.26729939E-12 6.275868445E-12 6.289816871E-12 6.249016647E-12 6.237218842E-12 6.269446519E-12 6.305499539E-12 
0 0 0 0 0 0 7.509026248E-12 6.299853497E-12 6.241271055E-12 6.261123771E-12 6.253001817E-12 6.271787197E-12 6.365981804E-12 7.123293398E-12 6.397296364E-12 6.26328973E-12 6.223989472E-12 6.264136185E-12 6.211504848E-12 6.267329535E-12 6.261727187E-12 6.266420246E-12 6.271403491E-12 6.257243757E-12 6.247513957E-12 6.233745371E-12 6.239812984E-12 6.255798605E-12 6.217852779E-12 6.207175078E-12 6.237205313E-12 6.274567424E-12 
0 0 0 0 0 0 0 7.699499049E-12 6.280458924E-12 6.30523205E-12 6.291840845E-12 6.301079478E-12 6.309926436E-12 6.409792411E-12 7.338336476E-12 6.407928481E-12 6.265781564E-12 6.303035495E-12 6.249960776E-12 6.308634325E-12 6.301139905E-12 6.303807849E-12 6.318237007E-12 6.305658057E-12 6.290637132E-12 6.276254909E-12 6.280459549E-12 6.295630383E-12 6.258394856E-12 6.249205877E-12 6.280317099E-12 6.321495334E-12 
0 0 0 0 0 0 0 0 6.285620769E-12 6.307571187E-12 6.296148713E-12 6.301836668E-12 6.300131343E-12 6.322152303E-12 6.46612623E-12 7.276818062E-12 6.26863368E-12 6.306314258E-12 6.255291075E-12 6.310284508E-12 6.303426902E-12 6.303757439E-12 6.319553357E-12 6.33003588E-12 6.292245066E-12 6.275189447E-12 6.285939568E-12 6.299737405E-12 6.260584822E-12 6.252016966E-12 6.283657904E-12 6.327866328E-12 
0 0 0 0 0 0 0 0 0 7.559110071E-12 6.316737404E-12 6.300054061E-12 6.283653762E-12 6.288005356E-12 6.318809697E-12 6.276580397E-12 7.293509376E-12 6.419796271E-12 6.258708369E-12 6.304653767E-12 6.291140254E-12 6.289148261E-12 6.298221333E-12 6.285443355E-12 6.324130098E-12 6.280238575E-12 6.281687726E-12 6.295387922E-12 6.25047317E-12 6.241126815E-12 6.271006723E-12 6.308059716E-12 
0 0 0 0 0 0 0 0 0 0 7.604030903E-12 6.317085902E-12 6.289011732E-12 6.290132658E-12 6.319680068E-12 6.276324766E-12 6.367085025E-12 7.225342593E-12 6.349848771E-12 6.314859264E-12 6.293811917E-12 6.288984844E-12 6.300692905E-12 6.284826534E-12 6.298843497E-12 6.279945191E-12 6.284106122E-12 6.293589722E-12 6.251986254E-12 6.241152255E-12 6.269948356E-12 6.305508347E-12 
0 0 0 0 0 0 0 0 0 0 0 7.399287428E-12 6.334921953E-12 6.318877481E-12 6.34415573E-12 6.299647711E-12 6.297675601E-12 6.43478239E-12 7.132232991E-12 6.429452974E-12 6.32406772E-12 6.3164607E-12 6.320774651E-12 6.310485972E-12 6.314207248E-12 6.300142255E-12 6.311212651E-12 6.319517011E-12 6.276787948E-12 6.266035614E-12 6.296841653E-12 6.331931439E-12 
0 0 0 0 0 0 0 0 0 0 0 0 7.478666942E-12 6.324988995E-12 6.333873732E-12 6.285397898E-12 6.271158304E-12 6.318621707E-12 6.35672388E-12 7.195310637E-12 6.413983686E-12 6.309434059E-12 6.309202097E-12 6.296557173E-12 6.295415032E-12 6.28014097E-12 6.288464824E-12 6.306327677E-12 6.260062535E-12 6.247751957E-12 6.277010745E-12 6.313032717E-12 
0 0 0 0 0 0 0 0 0 0 0 0 0 7.499247056E-12 6.33602991E-12 6.274164537E-12 6.24837399E-12 6.29101337E-12 6.244658682E-12 6.388463926E-12 7.207158801E-12 6.389231694E-12 6.302294003E-12 6.279395057E-12 6.272485291E-12 6.258321474E-12 6.267103674E-12 6.283634215E-12 6.250125517E-12 6.234450332E-12 6.263264179E-12 6.298672196E-12 
0 0 0 0 0 0 0 0 0 0 0 0 0 0 7.470586889E-12 6.295519E-12 6.245317848E-12 6.286855819E-12 6.234195004E-12 6.300391263E-12 6.382850415E-12 7.223791244E-12 6.400801409E-12 6.290820428E-12 6.270135808E-12 6.255877074E-12 6.265975969E-12 6.281939452E-12 6.247604243E-12 6.238816074E-12 6.26881801E-12 6.301818831E-12 
0 0 0 0 0 0 0 0 0 0 0 0 0 0 0 7.616269423E-12 6.264799861E-12 6.302662504E-12 6.250231282E-12 6.309395574E-12 6.308663303E-12 6.403750918E-12 7.17811528E-12 6.408535932E-12 6.288959626E-12 6.277707663E-12 6.283646224E-12 6.299522717E-12 6.262990296E-12 6.256509524E-12 6.293875796E-12 6.329120044E-12 
0 0 0 0 0 0 0 0 0 0 0 0 0 0 0 0 6.271703286E-12 6.309678013E-12 6.257431345E-12 6.314204147E-12 6.306484832E-12 6.318953505E-12 6.436260965E-12 7.311776146E-12 6.295525665E-12 6.282288427E-12 6.289655747E-12 6.306247525E-12 6.267225205E-12 6.26024895E-12 6.296708078E-12 6.355019736E-12 
0 0 0 0 0 0 0 0 0 0 0 0 0 0 0 0 0 7.522253436E-12 6.274040748E-12 6.308466006E-12 6.29198512E-12 6.288854357E-12 6.300543713E-12 6.285732947E-12 1.248429828E-11 6.465076487E-12 6.300441757E-12 6.299984968E-12 6.251960345E-12 6.238299084E-12 6.271043732E-12 6.3059902E-12 
0 0 0 0 0 0 0 0 0 0 0 0 0 0 0 0 0 0 7.548111952E-12 6.362386668E-12 6.331093262E-12 6.328986289E-12 6.335402968E-12 6.322092164E-12 6.501158364E-12 7.146135608E-12 6.415333716E-12 6.343340239E-12 6.289658793E-12 6.278175446E-12 6.310145559E-12 6.344854896E-12 
0 0 0 0 0 0 0 0 0 0 0 0 0 0 0 0 0 0 0 7.432075742E-12 6.312561959E-12 6.29158758E-12 6.298416907E-12 6.284082036E-12 6.30542494E-12 6.382325048E-12 7.189516303E-12 6.404937239E-12 6.262774156E-12 6.242440946E-12 6.271058107E-12 6.303998044E-12 
0 0 0 0 0 0 0 0 0 0 0 0 0 0 0 0 0 0 0 0 7.544185686E-12 6.263337068E-12 6.250696844E-12 6.233648778E-12 6.236852377E-12 6.228303664E-12 6.333818263E-12 7.1834563E-12 6.304797382E-12 6.202476619E-12 6.222607843E-12 6.254676308E-12 
0 0 0 0 0 0 0 0 0 0 0 0 0 0 0 0 0 0 0 0 0 7.421303322E-12 6.326762984E-12 6.295264267E-12 6.288323015E-12 6.276198688E-12 6.294965179E-12 6.408113235E-12 7.137765758E-12 6.357300437E-12 6.29070446E-12 6.318194255E-12 
0 0 0 0 0 0 0 0 0 0 0 0 0 0 0 0 0 0 0 0 0 0 7.501104801E-12 6.306803534E-12 6.271794857E-12 6.25894629E-12 6.271003269E-12 6.297572082E-12 6.352259108E-12 7.12351203E-12 6.377198269E-12 6.31808667E-12 
0 0 0 0 0 0 0 0 0 0 0 0 0 0 0 0 0 0 0 0 0 0 0 7.561227014E-12 6.308464252E-12 6.291106115E-12 6.298588414E-12 6.318837647E-12 6.287487769E-12 6.371626862E-12 7.179950406E-12 6.449626303E-12 
0 0 0 0 0 0 0 0 0 0 0 0 0 0 0 0 0 0 0 0 0 0 0 0 6.271896614E-12 6.257886211E-12 6.267516787E-12 6.283244235E-12 6.247456377E-12 6.247463641E-12 6.392888253E-12 7.434780692E-12 
0 0 0 0 0 0 0 0 0 0 0 0 0 0 0 0 0 0 0 0 0 0 0 0 0 7.607138989E-12 6.3084621E-12 6.284912265E-12 6.23572489E-12 6.219699859E-12 6.248920413E-12 6.285138419E-12 
0 0 0 0 0 0 0 0 0 0 0 0 0 0 0 0 0 0 0 0 0 0 0 0 0 0 7.526470583E-12 6.315866504E-12 6.243797818E-12 6.22443416E-12 6.254420573E-12 6.290092323E-12 
0 0 0 0 0 0 0 0 0 0 0 0 0 0 0 0 0 0 0 0 0 0 0 0 0 0 0 7.650745261E-12 6.248006888E-12 6.206310625E-12 6.228308751E-12 6.263395392E-12 
0 0 0 0 0 0 0 0 0 0 0 0 0 0 0 0 0 0 0 0 0 0 0 0 0 0 0 0 7.487373475E-12 6.267779758E-12 6.269313415E-12 6.300747943E-12 
0 0 0 0 0 0 0 0 0 0 0 0 0 0 0 0 0 0 0 0 0 0 0 0 0 0 0 0 0 7.545681043E-12 6.279634106E-12 6.286542896E-12 
0 0 0 0 0 0 0 0 0 0 0 0 0 0 0 0 0 0 0 0 0 0 0 0 0 0 0 0 0 0 7.461883626E-12 6.317443706E-12 
0 0 0 0 0 0 0 0 0 0 0 0 0 0 0 0 0 0 0 0 0 0 0 0 0 0 0 0 0 0 0 7.724247766E-12 
0 0 0 0 0 0 0 0 0 0 0 0 0 0 0 0 0 0 0 0 0 0 0 0 0 0 0 0 0 0 0 0 
