32 32
0 7.629440647E-12 6.322339904E-12 6.290301767E-12 6.272008374E-12 6.293215479E-12 6.271967532E-12 6.274882964E-12 7.280613898E-12 6.427954347E-12 6.303858949E-12 6.291474373E-12 6.282166764E-12 6.286645366E-12 6.315215978E-12 6.271661866E-12 6.288195889E-12 6.304643567E-12 6.243390558E-12 6.295059976E-12 6.281844042E-12 6.280674974E-12 6.29337982E-12 6.282517691E-12 6.288838144E-12 6.265433811E-12 6.272460404E-12 6.284678578E-12 6.241485779E-12 6.233640347E-12 6.263454861E-12 6.300011488E-12 
0 0 7.638895843E-12 6.346404794E-12 6.305452439E-12 6.325216307E-12 6.300869771E-12 6.305148932E-12 6.407009094E-12 7.202367337E-12 6.433505429E-12 6.331293496E-12 6.313147401E-12 6.317103417E-12 6.343969914E-12 6.30324088E-12 6.295012959E-12 6.336561335E-12 6.276447195E-12 6.328744309E-12 6.316378901E-12 6.313342784E-12 6.324241203E-12 6.313054676E-12 6.313991483E-12 6.29539333E-12 6.301796533E-12 6.316874593E-12 6.276173507E-12 6.264127005E-12 6.295164662E-12 6.331859257E-12 
0 0 0 7.49708684E-12 6.29523412E-12 6.28650351E-12 6.25773581E-12 6.258909988E-12 6.271013735E-12 6.435501185E-12 7.191645082E-12 6.374143838E-12 6.273386938E-12 6.268806839E-12 6.295945602E-12 6.255101458E-12 6.241116689E-12 6.28307273E-12 6.230998564E-12 6.283841711E-12 6.270589723E-12 6.2690824E-12 6.27577725E-12 6.264460853E-12 6.261392128E-12 6.246029377E-12 6.253879449E-12 6.269458272E-12 6.22968468E-12 6.217198921E-12 6.247619055E-12 6.284379406E-12 
0 0 0 0 7.596510699E-12 6.359041919E-12 6.304160175E-12 6.300426143E-12 6.299165718E-12 6.349903919E-12 6.401672309E-12 7.274832764E-12 6.403060225E-12 6.321687416E-12 6.341269606E-12 6.297162195E-12 6.278122345E-12 6.319347751E-12 6.267021814E-12 6.326861681E-12 6.313712101E-12 6.309020004E-12 6.316751186E-12 6.304669633E-12 6.300485541E-12 6.285139818E-12 6.294882314E-12 6.307708756E-12 6.267545814E-12 6.257013979E-12 6.288493426E-12 6.322533107E-12 
0 0 0 0 0 7.574501099E-12 6.322099978E-12 6.297525969E-12 6.276390157E-12 6.308093439E-12 6.297223181E-12 6.411530274E-12 7.203404573E-12 6.391604328E-12 6.33516505E-12 6.283999111E-12 6.258995945E-12 6.299736915E-12 6.244751046E-12 6.306324503E-12 6.299392735E-12 6.297348613E-12 6.301301992E-12 6.290661766E-12 6.283304799E-12 6.267813543E-12 6.276375826E-12 6.293298164E-12 6.250518584E-12 6.243080253E-12 6.272257624E-12 6.307540573E-12 
0 0 0 0 0 0 7.511786366E-12 6.299479226E-12 6.24054627E-12 6.26519651E-12 6.254071339E-12 6.271762875E-12 6.368413542E-12 7.124583602E-12 6.397179801E-12 6.263700468E-12 6.226513389E-12 6.262995311E-12 6.210822955E-12 6.266524543E-12 6.261343275E-12 6.269737536E-12 6.273502862E-12 6.259178383E-12 6.249150404E-12 6.234965292E-12 6.242834989E-12 6.258261002E-12 6.216359429E-12 6.208183928E-12 6.236894972E-12 6.276153051E-12 
0 0 0 0 0 0 0 7.70140056E-12 6.278775974E-12 6.30328942E-12 6.295119133E-12 6.304752836E-12 6.30720862E-12 6.409702115E-12 7.340699505E-12 6.406464903E-12 6.26695982E-12 6.304484718E-12 6.249289996E-12 6.308007361E-12 6.300333357E-12 6.306004454E-12 6.319456727E-12 6.305883951E-12 6.289452023E-12 6.275641942E-12 6.281698483E-12 6.299220793E-12 6.260364365E-12 6.248752712E-12 6.281160405E-12 6.32086797E-12 
0 0 0 0 0 0 0 0 6.285886003E-12 6.309676303E-12 6.29548811E-12 6.304271486E-12 6.305374058E-12 6.321004118E-12 6.462357688E-12 7.281267944E-12 6.26751641E-12 6.308356154E-12 6.256024883E-12 6.312248296E-12 6.302438935E-12 6.306861054E-12 6.321852316E-12 6.330092355E-12 6.293838724E-12 6.279578531E-12 6.28653242E-12 6.300973264E-12 6.263789376E-12 6.254207192E-12 6.287799923E-12 6.329465305E-12 
0 0 0 0 0 0 0 0 0 7.552570537E-12 6.360816384E-12 6.298749375E-12 6.28675131E-12 6.291742628E-12 6.320918842E-12 6.277397258E-12 7.294035077E-12 6.41873768E-12 6.261220069E-12 6.30307507E-12 6.289695633E-12 6.289328428E-12 6.298086165E-12 6.283802947E-12 6.314094716E-12 6.279577033E-12 6.281905247E-12 6.293180929E-12 6.252076748E-12 6.242930665E-12 6.271988358E-12 6.309071148E-12 
0 0 0 0 0 0 0 0 0 0 1.467212083E-11 6.404825546E-12 6.302262115E-12 6.297065942E-12 6.322517997E-12 6.277788066E-12 6.375352914E-12 7.245354591E-12 6.4076772E-12 6.333222826E-12 6.298996383E-12 6.293027504E-12 6.300956414E-12 6.286290355E-12 6.298563419E-12 6.286224252E-12 6.288040169E-12 6.298271817E-12 6.253541962E-12 6.24344766E-12 6.272557285E-12 6.310003153E-12 
0 0 0 0 0 0 0 0 0 0 0 7.339980242E-12 6.32794802E-12 6.319241071E-12 6.34450486E-12 6.300231447E-12 6.305913557E-12 6.443061497E-12 7.102058876E-12 6.416350661E-12 6.323250653E-12 6.313339117E-12 6.324948776E-12 6.310708903E-12 6.314240104E-12 6.29869705E-12 6.310465046E-12 6.319650509E-12 6.27727663E-12 6.267048665E-12 6.297766207E-12 6.330799649E-12 
0 0 0 0 0 0 0 0 0 0 0 0 7.478517146E-12 6.325487514E-12 6.334345918E-12 6.287750969E-12 6.270889155E-12 6.318927722E-12 6.354210099E-12 7.194456372E-12 6.413540609E-12 6.311190611E-12 6.31226525E-12 6.295262688E-12 6.292990147E-12 6.278010057E-12 6.289367077E-12 6.311599343E-12 6.265050661E-12 6.254320481E-12 6.282208524E-12 6.31536408E-12 
0 0 0 0 0 0 0 0 0 0 0 0 0 7.503420795E-12 6.336873631E-12 6.277084507E-12 6.24781378E-12 6.293066068E-12 6.246141641E-12 6.389886839E-12 7.207345609E-12 6.388080384E-12 6.305606519E-12 6.283468129E-12 6.278600482E-12 6.259854074E-12 6.272917983E-12 6.287435203E-12 6.254848465E-12 6.237467616E-12 6.266781114E-12 6.299509931E-12 
0 0 0 0 0 0 0 0 0 0 0 0 0 0 7.473976023E-12 6.301438107E-12 6.250541884E-12 6.288476617E-12 6.236607457E-12 6.305299931E-12 6.386960052E-12 7.229999091E-12 6.39898174E-12 6.295324417E-12 6.274332696E-12 6.259851944E-12 6.267922617E-12 6.285155864E-12 6.24829994E-12 6.243185353E-12 6.270295474E-12 6.304010322E-12 
0 0 0 0 0 0 0 0 0 0 0 0 0 0 0 7.620646391E-12 6.267932064E-12 6.308797329E-12 6.255207968E-12 6.31289884E-12 6.312765936E-12 6.409250261E-12 7.181654501E-12 6.412581939E-12 6.294627558E-12 6.27794258E-12 6.284912166E-12 6.302045403E-12 6.263919405E-12 6.258604298E-12 6.29408819E-12 6.328110103E-12 
0 0 0 0 0 0 0 0 0 0 0 0 0 0 0 0 6.27205019E-12 6.31198796E-12 6.256394792E-12 6.312821079E-12 6.307176859E-12 6.320220297E-12 6.438568067E-12 7.314254216E-12 6.2965944E-12 6.281989864E-12 6.288927503E-12 6.305784696E-12 6.266762017E-12 6.259978269E-12 6.298072554E-12 6.355959124E-12 
0 0 0 0 0 0 0 0 0 0 0 0 0 0 0 0 0 7.551317401E-12 6.276330677E-12 6.3088034E-12 6.291345107E-12 6.291154811E-12 6.29886988E-12 6.288248306E-12 7.309430278E-12 6.395276116E-12 6.296356776E-12 6.297056967E-12 6.251920627E-12 6.242237364E-12 6.272854008E-12 6.307582254E-12 
0 0 0 0 0 0 0 0 0 0 0 0 0 0 0 0 0 0 7.549185846E-12 6.364431139E-12 6.333488389E-12 6.32836754E-12 6.339694102E-12 6.326104829E-12 6.434389504E-12 7.162601843E-12 6.420335452E-12 6.345754616E-12 6.294557719E-12 6.280198475E-12 6.311247569E-12 6.345497851E-12 
0 0 0 0 0 0 0 0 0 0 0 0 0 0 0 0 0 0 0 7.434304102E-12 6.314869369E-12 6.293004756E-12 6.296441476E-12 6.282790989E-12 6.297164476E-12 6.382575883E-12 7.187842576E-12 6.402511866E-12 6.264484737E-12 6.241369459E-12 6.271222642E-12 6.30618953E-12 
0 0 0 0 0 0 0 0 0 0 0 0 0 0 0 0 0 0 0 0 7.543961129E-12 6.26296028E-12 6.252404534E-12 6.237684005E-12 6.238711921E-12 6.232695365E-12 6.334289853E-12 7.186625144E-12 6.305770637E-12 6.204662145E-12 6.222715198E-12 6.256583608E-12 
0 0 0 0 0 0 0 0 0 0 0 0 0 0 0 0 0 0 0 0 0 7.425145202E-12 6.330075746E-12 6.297798269E-12 6.291214847E-12 6.278597462E-12 6.296360915E-12 6.410932307E-12 7.139017647E-12 6.358332573E-12 6.293004613E-12 6.316568203E-12 
0 0 0 0 0 0 0 0 0 0 0 0 0 0 0 0 0 0 0 0 0 0 7.505686678E-12 6.309286538E-12 6.275929389E-12 6.26035826E-12 6.27263363E-12 6.298309598E-12 6.354450142E-12 7.128395886E-12 6.379736894E-12 6.319837461E-12 
0 0 0 0 0 0 0 0 0 0 0 0 0 0 0 0 0 0 0 0 0 0 0 7.562825963E-12 6.308622819E-12 6.293752608E-12 6.303337906E-12 6.321738085E-12 6.291349695E-12 6.374331222E-12 7.180358855E-12 6.452360647E-12 
0 0 0 0 0 0 0 0 0 0 0 0 0 0 0 0 0 0 0 0 0 0 0 0 6.274400811E-12 6.258292791E-12 6.267037951E-12 6.284821739E-12 6.245900323E-12 6.250325873E-12 6.391645322E-12 7.435744686E-12 
0 0 0 0 0 0 0 0 0 0 0 0 0 0 0 0 0 0 0 0 0 0 0 0 0 7.535372047E-12 6.304159E-12 6.286816616E-12 6.234617086E-12 6.218788869E-12 6.248405765E-12 6.284003747E-12 
0 0 0 0 0 0 0 0 0 0 0 0 0 0 0 0 0 0 0 0 0 0 0 0 0 0 7.528667468E-12 6.315844084E-12 6.243814562E-12 6.226001475E-12 6.254544042E-12 6.291225158E-12 
0 0 0 0 0 0 0 0 0 0 0 0 0 0 0 0 0 0 0 0 0 0 0 0 0 0 0 7.654054098E-12 6.247496453E-12 6.205857879E-12 6.232424231E-12 6.264548864E-12 
0 0 0 0 0 0 0 0 0 0 0 0 0 0 0 0 0 0 0 0 0 0 0 0 0 0 0 0 7.490858322E-12 6.270984978E-12 6.271160573E-12 6.30001003E-12 
0 0 0 0 0 0 0 0 0 0 0 0 0 0 0 0 0 0 0 0 0 0 0 0 0 0 0 0 0 7.547126146E-12 6.281915702E-12 6.289518715E-12 
0 0 0 0 0 0 0 0 0 0 0 0 0 0 0 0 0 0 0 0 0 0 0 0 0 0 0 0 0 0 7.463103407E-12 6.319975591E-12 
0 0 0 0 0 0 0 0 0 0 0 0 0 0 0 0 0 0 0 0 0 0 0 0 0 0 0 0 0 0 0 7.726676808E-12 
0 0 0 0 0 0 0 0 0 0 0 0 0 0 0 0 0 0 0 0 0 0 0 0 0 0 0 0 0 0 0 0 
