32 32
0 7.634702739E-12 6.324956998E-12 6.29429845E-12 6.275162084E-12 6.293802855E-12 6.270526504E-12 6.27314418E-12 7.280817159E-12 6.422128589E-12 6.303452899E-12 6.297542481E-12 6.284213491E-12 6.289671965E-12 6.317813047E-12 6.277185164E-12 6.293058008E-12 6.308145619E-12 6.24802196E-12 6.30059538E-12 6.286035461E-12 6.286922918E-12 6.299267126E-12 6.28535195E-12 6.292706884E-12 6.27266073E-12 6.27709881E-12 6.289067351E-12 6.248353401E-12 6.235838851E-12 6.26784919E-12 6.304141332E-12 
0 0 7.645567613E-12 6.353692288E-12 6.311710652E-12 6.32541225E-12 6.304078397E-12 6.306998823E-12 6.416584256E-12 7.19159704E-12 6.433167134E-12 6.33339472E-12 6.315685183E-12 6.320859101E-12 6.347894893E-12 6.307483984E-12 6.298588383E-12 6.338479256E-12 6.279080921E-12 6.331568025E-12 6.317040083E-12 6.316191896E-12 6.326407353E-12 6.311959084E-12 6.313474617E-12 6.299319203E-12 6.305004799E-12 6.318474689E-12 6.280349145E-12 6.267060753E-12 6.297197624E-12 6.333827664E-12 
0 0 0 7.487973545E-12 6.339014052E-12 6.288481209E-12 6.258200518E-12 6.257775849E-12 6.271422382E-12 6.382541174E-12 7.226131966E-12 6.376142544E-12 6.276539767E-12 6.272053857E-12 6.300438217E-12 6.25826021E-12 6.243842796E-12 6.284064915E-12 6.234764332E-12 6.28593193E-12 6.271423607E-12 6.272205262E-12 6.277896944E-12 6.266237607E-12 6.265902825E-12 6.249080826E-12 6.256248968E-12 6.273004513E-12 6.232197794E-12 6.219686771E-12 6.251404866E-12 6.288397411E-12 
0 0 0 0 1.492137293E-11 6.45076262E-12 6.319313749E-12 6.308159987E-12 6.301389311E-12 6.333982399E-12 6.419963657E-12 7.295900988E-12 6.458871059E-12 6.341202644E-12 6.346871797E-12 6.298475928E-12 6.281735958E-12 6.321396901E-12 6.271037178E-12 6.329227567E-12 6.316527725E-12 6.311696642E-12 6.318939596E-12 6.306898351E-12 6.299934805E-12 6.286241424E-12 6.294695828E-12 6.307365663E-12 6.266705576E-12 6.256016353E-12 6.28523693E-12 6.326088116E-12 
0 0 0 0 0 7.51504163E-12 6.317739034E-12 6.295987888E-12 6.280562466E-12 6.304532993E-12 6.306512366E-12 6.424759243E-12 7.174673742E-12 6.384973126E-12 6.336093963E-12 6.286791162E-12 6.259516579E-12 6.301624982E-12 6.248836014E-12 6.308086115E-12 6.303049342E-12 6.298320599E-12 6.30528969E-12 6.290966659E-12 6.286705285E-12 6.270004317E-12 6.277619112E-12 6.293067206E-12 6.252893218E-12 6.244631957E-12 6.273668782E-12 6.309450593E-12 
0 0 0 0 0 0 7.513545267E-12 6.303660438E-12 6.243493695E-12 6.26727029E-12 6.255548788E-12 6.275062193E-12 6.367383399E-12 7.126389494E-12 6.398079994E-12 6.266432685E-12 6.226678142E-12 6.266340437E-12 6.209950589E-12 6.27107684E-12 6.264633405E-12 6.266679557E-12 6.273104241E-12 6.260417032E-12 6.248725191E-12 6.234566775E-12 6.243908939E-12 6.257959831E-12 6.218327775E-12 6.209733376E-12 6.239154104E-12 6.278188978E-12 
0 0 0 0 0 0 0 7.704253129E-12 6.280807001E-12 6.305143672E-12 6.293033179E-12 6.304988493E-12 6.308578825E-12 6.411360287E-12 7.341988805E-12 6.408406405E-12 6.266275119E-12 6.305178145E-12 6.25162752E-12 6.310769432E-12 6.301555325E-12 6.306771904E-12 6.321346998E-12 6.309237358E-12 6.290664572E-12 6.275944545E-12 6.283656003E-12 6.300620172E-12 6.258475712E-12 6.249913815E-12 6.28074505E-12 6.322119423E-12 
0 0 0 0 0 0 0 0 6.28831755E-12 6.305754571E-12 6.29416074E-12 6.302283916E-12 6.300047257E-12 6.321123501E-12 6.463584404E-12 7.280404669E-12 6.270273533E-12 6.308789553E-12 6.250860362E-12 6.30623099E-12 6.298753332E-12 6.30572421E-12 6.321411571E-12 6.327582504E-12 6.291711656E-12 6.275497221E-12 6.286223656E-12 6.301338131E-12 6.263537381E-12 6.251965259E-12 6.284689239E-12 6.329071167E-12 
0 0 0 0 0 0 0 0 0 7.561234556E-12 6.31803218E-12 6.30215333E-12 6.288520469E-12 6.290243524E-12 6.322089548E-12 6.279125139E-12 7.301179537E-12 6.427306204E-12 6.265208083E-12 6.308279637E-12 6.292878441E-12 6.295130099E-12 6.301807295E-12 6.291545119E-12 6.317217492E-12 6.280839348E-12 6.28581509E-12 6.299790118E-12 6.255120722E-12 6.244667736E-12 6.275658014E-12 6.311240998E-12 
0 0 0 0 0 0 0 0 0 0 7.606038802E-12 6.321400402E-12 6.293991724E-12 6.292653991E-12 6.322547823E-12 6.277501835E-12 6.374298052E-12 7.226084784E-12 6.350775115E-12 6.313573127E-12 6.293681876E-12 6.289673057E-12 6.297792705E-12 6.283610017E-12 6.298352368E-12 6.281641478E-12 6.284773319E-12 6.29692572E-12 6.251394727E-12 6.24153166E-12 6.272635569E-12 6.309648567E-12 
0 0 0 0 0 0 0 0 0 0 0 7.402038024E-12 6.334899443E-12 6.319704141E-12 6.347818086E-12 6.298763004E-12 6.297090202E-12 6.435269713E-12 7.133656265E-12 6.429539593E-12 6.325810922E-12 6.313684277E-12 6.320660758E-12 6.308267133E-12 6.312755903E-12 6.298146279E-12 6.312856825E-12 6.320696238E-12 6.279058093E-12 6.263958395E-12 6.295060034E-12 6.330667527E-12 
0 0 0 0 0 0 0 0 0 0 0 0 7.475734013E-12 6.326549643E-12 6.333909677E-12 6.289177863E-12 6.271926613E-12 6.319234287E-12 6.356819049E-12 7.195549999E-12 6.412526777E-12 6.313103765E-12 6.311069229E-12 6.291940363E-12 6.292309797E-12 6.280052264E-12 6.288862864E-12 6.311592017E-12 6.264998027E-12 6.250085889E-12 6.279500303E-12 6.313750774E-12 
0 0 0 0 0 0 0 0 0 0 0 0 0 7.501589726E-12 6.33762529E-12 6.274525234E-12 6.250609006E-12 6.290738842E-12 6.246145326E-12 6.389096628E-12 7.206300051E-12 6.386701162E-12 6.302715076E-12 6.28154836E-12 6.274880945E-12 6.262022403E-12 6.271746058E-12 6.288898038E-12 6.25391224E-12 6.240111772E-12 6.267650722E-12 6.299889505E-12 
0 0 0 0 0 0 0 0 0 0 0 0 0 0 7.470420449E-12 6.297945152E-12 6.247884632E-12 6.29075351E-12 6.237304778E-12 6.304295643E-12 6.384178421E-12 7.226521829E-12 6.400316454E-12 6.295995397E-12 6.273167617E-12 6.259986757E-12 6.2673877E-12 6.287419963E-12 6.249060849E-12 6.243170767E-12 6.271537066E-12 6.30620967E-12 
0 0 0 0 0 0 0 0 0 0 0 0 0 0 0 7.617687432E-12 6.272136588E-12 6.308137223E-12 6.256146621E-12 6.312841653E-12 6.313116724E-12 6.407385158E-12 7.179148587E-12 6.410311225E-12 6.290049092E-12 6.276913723E-12 6.282240376E-12 6.300877134E-12 6.261626933E-12 6.25765117E-12 6.295515645E-12 6.327388139E-12 
0 0 0 0 0 0 0 0 0 0 0 0 0 0 0 0 6.273781551E-12 6.313996562E-12 6.255119302E-12 6.317298158E-12 6.309493238E-12 6.324237284E-12 6.440772578E-12 7.315830031E-12 6.300058863E-12 6.282513632E-12 6.293716966E-12 6.30634953E-12 6.267495478E-12 6.260567024E-12 6.297173841E-12 6.355904591E-12 
0 0 0 0 0 0 0 0 0 0 0 0 0 0 0 0 0 7.5538444E-12 6.274324553E-12 6.308258431E-12 6.292086991E-12 6.296711366E-12 6.3001207E-12 6.28844524E-12 7.308487066E-12 6.395509401E-12 6.298709696E-12 6.299762941E-12 6.25242012E-12 6.24143545E-12 6.276325712E-12 6.311633127E-12 
0 0 0 0 0 0 0 0 0 0 0 0 0 0 0 0 0 0 7.555941533E-12 6.370059122E-12 6.331981768E-12 6.329231523E-12 6.339418864E-12 6.324274472E-12 6.440956244E-12 7.162787731E-12 6.422287312E-12 6.344803299E-12 6.294023392E-12 6.277646847E-12 6.313011783E-12 6.345426189E-12 
0 0 0 0 0 0 0 0 0 0 0 0 0 0 0 0 0 0 0 7.435575619E-12 6.316985959E-12 6.294947588E-12 6.297460985E-12 6.285312663E-12 6.301496828E-12 6.387126763E-12 7.193593675E-12 6.407899604E-12 6.262609522E-12 6.246014605E-12 6.274759998E-12 6.307190716E-12 
0 0 0 0 0 0 0 0 0 0 0 0 0 0 0 0 0 0 0 0 7.544495736E-12 6.263750692E-12 6.256445211E-12 6.239095386E-12 6.237512661E-12 6.229242272E-12 6.33223112E-12 7.185504598E-12 6.304535343E-12 6.201998439E-12 6.223394702E-12 6.255544644E-12 
0 0 0 0 0 0 0 0 0 0 0 0 0 0 0 0 0 0 0 0 0 7.425576516E-12 6.331486969E-12 6.299131718E-12 6.291933408E-12 6.277204138E-12 6.297444418E-12 6.414222187E-12 7.142569297E-12 6.359579641E-12 6.290357083E-12 6.319658143E-12 
0 0 0 0 0 0 0 0 0 0 0 0 0 0 0 0 0 0 0 0 0 0 7.505870419E-12 6.312556778E-12 6.279127887E-12 6.263127295E-12 6.27406621E-12 6.300027298E-12 6.355502474E-12 7.127603922E-12 6.379418006E-12 6.32065087E-12 
0 0 0 0 0 0 0 0 0 0 0 0 0 0 0 0 0 0 0 0 0 0 0 7.561262726E-12 6.309593208E-12 6.29559329E-12 6.306831182E-12 6.321309852E-12 6.291803453E-12 6.376314004E-12 7.182035816E-12 6.452081897E-12 
0 0 0 0 0 0 0 0 0 0 0 0 0 0 0 0 0 0 0 0 0 0 0 0 6.27173803E-12 6.258591843E-12 6.268486525E-12 6.284856958E-12 6.247842471E-12 6.250635128E-12 6.393730741E-12 7.436511766E-12 
0 0 0 0 0 0 0 0 0 0 0 0 0 0 0 0 0 0 0 0 0 0 0 0 0 7.537191737E-12 6.304828939E-12 6.286624074E-12 6.236340827E-12 6.220610898E-12 6.252605146E-12 6.286302954E-12 
0 0 0 0 0 0 0 0 0 0 0 0 0 0 0 0 0 0 0 0 0 0 0 0 0 0 7.531136936E-12 6.317847832E-12 6.247875101E-12 6.227161921E-12 6.256264579E-12 6.291830466E-12 
0 0 0 0 0 0 0 0 0 0 0 0 0 0 0 0 0 0 0 0 0 0 0 0 0 0 0 7.654639364E-12 6.248561309E-12 6.20583832E-12 6.230690126E-12 6.265221565E-12 
0 0 0 0 0 0 0 0 0 0 0 0 0 0 0 0 0 0 0 0 0 0 0 0 0 0 0 0 7.48910087E-12 6.271051792E-12 6.269663815E-12 6.302116598E-12 
0 0 0 0 0 0 0 0 0 0 0 0 0 0 0 0 0 0 0 0 0 0 0 0 0 0 0 0 0 7.546456786E-12 6.28125955E-12 6.289561133E-12 
0 0 0 0 0 0 0 0 0 0 0 0 0 0 0 0 0 0 0 0 0 0 0 0 0 0 0 0 0 0 7.465332966E-12 6.320138221E-12 
0 0 0 0 0 0 0 0 0 0 0 0 0 0 0 0 0 0 0 0 0 0 0 0 0 0 0 0 0 0 0 7.72943598E-12 
0 0 0 0 0 0 0 0 0 0 0 0 0 0 0 0 0 0 0 0 0 0 0 0 0 0 0 0 0 0 0 0 
