32 32
0 7.639084207E-12 6.323180513E-12 6.294068447E-12 6.276288241E-12 6.29610606E-12 6.275030366E-12 6.278550346E-12 7.286877075E-12 6.426282449E-12 6.305088843E-12 6.2986406E-12 6.287301661E-12 6.291389895E-12 6.318767894E-12 6.275984516E-12 6.291487001E-12 6.307826865E-12 6.249641807E-12 6.30117921E-12 6.287767311E-12 6.289429003E-12 6.297592435E-12 6.283816292E-12 6.289123769E-12 6.270643297E-12 6.277445183E-12 6.292273596E-12 6.251715019E-12 6.238457654E-12 6.26913733E-12 6.306292675E-12 
0 0 7.651218776E-12 6.355162912E-12 6.31592355E-12 6.329535758E-12 6.306277613E-12 6.308568543E-12 6.418199375E-12 7.191200023E-12 6.432115541E-12 6.3374133E-12 6.317229242E-12 6.320648926E-12 6.347181729E-12 6.306204798E-12 6.299333976E-12 6.34131613E-12 6.280082588E-12 6.331175325E-12 6.317498974E-12 6.317839289E-12 6.326352409E-12 6.314974975E-12 6.316271208E-12 6.299304292E-12 6.305530951E-12 6.319182373E-12 6.277790262E-12 6.267984571E-12 6.299962324E-12 6.336674499E-12 
0 0 0 7.502614502E-12 6.295375241E-12 6.289495747E-12 6.260611074E-12 6.260382672E-12 6.275591771E-12 6.383905271E-12 7.228629665E-12 6.380386157E-12 6.280226001E-12 6.27772952E-12 6.302939565E-12 6.259527672E-12 6.245926181E-12 6.286851822E-12 6.237176831E-12 6.286684094E-12 6.271747245E-12 6.270384115E-12 6.27934469E-12 6.269752296E-12 6.264060264E-12 6.250943532E-12 6.256716021E-12 6.269045038E-12 6.229486595E-12 6.220155994E-12 6.250292272E-12 6.28442284E-12 
0 0 0 0 7.59727398E-12 6.359657894E-12 6.306166924E-12 6.304314248E-12 6.299997834E-12 6.331318278E-12 6.416187024E-12 7.277760301E-12 6.402596913E-12 6.324987077E-12 6.344701991E-12 6.300633486E-12 6.280069598E-12 6.321798451E-12 6.269688297E-12 6.329893988E-12 6.316041861E-12 6.314170006E-12 6.319443349E-12 6.307350047E-12 6.304372616E-12 6.289098542E-12 6.296544542E-12 6.310941236E-12 6.270303264E-12 6.258894184E-12 6.292878002E-12 6.32857375E-12 
0 0 0 0 0 7.580105634E-12 6.324638307E-12 6.298190811E-12 6.280934452E-12 6.304913896E-12 6.305925258E-12 6.418176932E-12 7.210699633E-12 6.398212696E-12 6.340587587E-12 6.288363906E-12 6.262334216E-12 6.304277381E-12 6.249567025E-12 6.309957229E-12 6.303902135E-12 6.301606494E-12 6.306976275E-12 6.292319981E-12 6.286107763E-12 6.271565675E-12 6.278101533E-12 6.294392371E-12 6.255125979E-12 6.24662774E-12 6.275254719E-12 6.312394305E-12 
0 0 0 0 0 0 7.515880506E-12 6.304951258E-12 6.244225641E-12 6.266473807E-12 6.258814524E-12 6.277788058E-12 6.371626773E-12 7.127586014E-12 6.400949972E-12 6.267276558E-12 6.229091623E-12 6.269011922E-12 6.213992378E-12 6.270894266E-12 6.264907163E-12 6.273485751E-12 6.274658903E-12 6.26409496E-12 6.252352834E-12 6.234473928E-12 6.24425189E-12 6.259311929E-12 6.219219043E-12 6.209180405E-12 6.240961555E-12 6.278584548E-12 
0 0 0 0 0 0 0 7.7058377E-12 6.282509677E-12 6.305611663E-12 6.295949668E-12 6.307203235E-12 6.311611229E-12 6.414394654E-12 7.344383523E-12 6.410713318E-12 6.26792722E-12 6.308400315E-12 6.253485957E-12 6.31036245E-12 6.302094962E-12 6.308310053E-12 6.321907682E-12 6.308868428E-12 6.292770725E-12 6.277016871E-12 6.285016233E-12 6.300178685E-12 6.261074577E-12 6.250236802E-12 6.282946039E-12 6.321375538E-12 
0 0 0 0 0 0 0 0 6.285071186E-12 6.306391477E-12 6.298366455E-12 6.306190204E-12 6.303600369E-12 6.322861841E-12 6.464425112E-12 7.282294432E-12 6.271595864E-12 6.309266834E-12 6.256433456E-12 6.313259501E-12 6.30525666E-12 6.311630715E-12 6.325989284E-12 6.333970975E-12 6.296804315E-12 6.282147214E-12 6.290721771E-12 6.305180403E-12 6.265207108E-12 6.257383885E-12 6.289321801E-12 6.33169379E-12 
0 0 0 0 0 0 0 0 0 7.564898028E-12 6.322292978E-12 6.302514202E-12 6.290870673E-12 6.294827192E-12 6.323390917E-12 6.282425462E-12 7.302445547E-12 6.425761623E-12 6.263701117E-12 6.308552625E-12 6.294040513E-12 6.293519161E-12 6.302559705E-12 6.288884905E-12 6.318669441E-12 6.283819118E-12 6.28607686E-12 6.296668364E-12 6.25516363E-12 6.245524513E-12 6.276299438E-12 6.311424825E-12 
0 0 0 0 0 0 0 0 0 0 7.605911557E-12 6.320879693E-12 6.292489711E-12 6.294405507E-12 6.324001917E-12 6.281657529E-12 6.375295675E-12 7.230739415E-12 6.351850324E-12 6.318345687E-12 6.294661872E-12 6.296096903E-12 6.301972141E-12 6.287824821E-12 6.297506863E-12 6.284638886E-12 6.288012717E-12 6.298663035E-12 6.256766206E-12 6.243194313E-12 6.273449871E-12 6.308687069E-12 
0 0 0 0 0 0 0 0 0 0 0 7.400869451E-12 6.337894036E-12 6.32081771E-12 6.346746601E-12 6.303099392E-12 6.301785207E-12 6.442121178E-12 7.138776258E-12 6.430625E-12 6.327577878E-12 6.320354897E-12 6.328385222E-12 6.313690359E-12 6.313040447E-12 6.302660905E-12 6.311508674E-12 6.320706308E-12 6.277514669E-12 6.268921951E-12 6.295721606E-12 6.331733152E-12 
0 0 0 0 0 0 0 0 0 0 0 0 7.4839157E-12 6.325370956E-12 6.336292075E-12 6.289627823E-12 6.273790123E-12 6.323594683E-12 6.358571807E-12 7.197286506E-12 6.414292348E-12 6.317860452E-12 6.313428387E-12 6.298634574E-12 6.293901939E-12 6.284939428E-12 6.29474019E-12 6.312368602E-12 6.265593989E-12 6.255646683E-12 6.282623541E-12 6.316868346E-12 
0 0 0 0 0 0 0 0 0 0 0 0 0 7.505094722E-12 6.337046679E-12 6.277526634E-12 6.255048354E-12 6.294237952E-12 6.249315214E-12 6.392015778E-12 7.196257859E-12 6.411659634E-12 6.308646753E-12 6.283599541E-12 6.276134897E-12 6.261885154E-12 6.274855032E-12 6.290489501E-12 6.253130685E-12 6.235829598E-12 6.264244544E-12 6.297885482E-12 
0 0 0 0 0 0 0 0 0 0 0 0 0 0 7.46949719E-12 6.299920515E-12 6.249555807E-12 6.290132097E-12 6.239306985E-12 6.303667431E-12 6.397544897E-12 7.252417461E-12 6.395565397E-12 6.294445033E-12 6.274016796E-12 6.259039728E-12 6.267407066E-12 6.2826309E-12 6.247163403E-12 6.241749812E-12 6.268689284E-12 6.30171975E-12 
0 0 0 0 0 0 0 0 0 0 0 0 0 0 0 7.620885616E-12 6.267401555E-12 6.310451804E-12 6.255524429E-12 6.314064447E-12 6.322721637E-12 6.424670988E-12 7.165882488E-12 6.409262982E-12 6.292919131E-12 6.274238851E-12 6.286469858E-12 6.302053241E-12 6.264469882E-12 6.259696527E-12 6.295103534E-12 6.332111418E-12 
0 0 0 0 0 0 0 0 0 0 0 0 0 0 0 0 6.274609645E-12 6.310699437E-12 6.258267199E-12 6.317482612E-12 6.311492984E-12 6.325666148E-12 6.436483653E-12 7.315626419E-12 6.301464354E-12 6.284063833E-12 6.291570378E-12 6.308059412E-12 6.26720445E-12 6.262752637E-12 6.302337686E-12 6.355505414E-12 
0 0 0 0 0 0 0 0 0 0 0 0 0 0 0 0 0 7.557381626E-12 6.278518272E-12 6.309431392E-12 6.293608931E-12 6.295927382E-12 6.304251314E-12 6.289216673E-12 7.310419218E-12 6.401607528E-12 6.299569346E-12 6.302701852E-12 6.257677223E-12 6.246313097E-12 6.271763889E-12 6.311398781E-12 
0 0 0 0 0 0 0 0 0 0 0 0 0 0 0 0 0 0 7.555089682E-12 6.367900755E-12 6.332684124E-12 6.329655819E-12 6.339902018E-12 6.329626126E-12 6.435465366E-12 7.165080266E-12 6.422181054E-12 6.351236917E-12 6.296852696E-12 6.282882877E-12 6.314531918E-12 6.348301775E-12 
0 0 0 0 0 0 0 0 0 0 0 0 0 0 0 0 0 0 0 7.435634445E-12 6.313567473E-12 6.297277872E-12 6.300131456E-12 6.28956305E-12 6.299529103E-12 6.389890519E-12 7.192153331E-12 6.404429007E-12 6.267422833E-12 6.244545665E-12 6.274300323E-12 6.309862164E-12 
0 0 0 0 0 0 0 0 0 0 0 0 0 0 0 0 0 0 0 0 7.539698552E-12 6.280931371E-12 6.254707818E-12 6.236657039E-12 6.23854162E-12 6.234437558E-12 6.337987809E-12 7.188842151E-12 6.303532392E-12 6.201986211E-12 6.222534979E-12 6.256457114E-12 
0 0 0 0 0 0 0 0 0 0 0 0 0 0 0 0 0 0 0 0 0 1.126650837E-11 6.845844743E-12 6.308142463E-12 6.288651069E-12 6.273815122E-12 6.297924281E-12 6.409242558E-12 7.126141098E-12 6.369873803E-12 6.303492982E-12 6.32536837E-12 
0 0 0 0 0 0 0 0 0 0 0 0 0 0 0 0 0 0 0 0 0 0 8.999281253E-12 6.322511555E-12 6.278429733E-12 6.267559713E-12 6.275547728E-12 6.306905474E-12 6.376256394E-12 7.148775032E-12 6.398301099E-12 6.324239731E-12 
0 0 0 0 0 0 0 0 0 0 0 0 0 0 0 0 0 0 0 0 0 0 0 7.553977506E-12 6.309889254E-12 6.29775077E-12 6.307319688E-12 6.326982052E-12 6.297959514E-12 6.364731983E-12 7.16776187E-12 6.446732392E-12 
0 0 0 0 0 0 0 0 0 0 0 0 0 0 0 0 0 0 0 0 0 0 0 0 6.27872884E-12 6.260355723E-12 6.268750492E-12 6.286493628E-12 6.251451387E-12 6.256150542E-12 6.399739936E-12 7.441135073E-12 
0 0 0 0 0 0 0 0 0 0 0 0 0 0 0 0 0 0 0 0 0 0 0 0 0 7.538265793E-12 6.304055376E-12 6.286919987E-12 6.232200489E-12 6.216538775E-12 6.251334312E-12 6.281765238E-12 
0 0 0 0 0 0 0 0 0 0 0 0 0 0 0 0 0 0 0 0 0 0 0 0 0 0 7.53170133E-12 6.320025197E-12 6.243356137E-12 6.230635295E-12 6.260454813E-12 6.288251036E-12 
0 0 0 0 0 0 0 0 0 0 0 0 0 0 0 0 0 0 0 0 0 0 0 0 0 0 0 7.657075195E-12 6.251746121E-12 6.212536116E-12 6.231884945E-12 6.267555704E-12 
0 0 0 0 0 0 0 0 0 0 0 0 0 0 0 0 0 0 0 0 0 0 0 0 0 0 0 0 7.491001349E-12 6.270622004E-12 6.277011815E-12 6.301545312E-12 
0 0 0 0 0 0 0 0 0 0 0 0 0 0 0 0 0 0 0 0 0 0 0 0 0 0 0 0 0 7.545279599E-12 6.280560364E-12 6.290355783E-12 
0 0 0 0 0 0 0 0 0 0 0 0 0 0 0 0 0 0 0 0 0 0 0 0 0 0 0 0 0 0 7.461507561E-12 6.321296945E-12 
0 0 0 0 0 0 0 0 0 0 0 0 0 0 0 0 0 0 0 0 0 0 0 0 0 0 0 0 0 0 0 7.731292641E-12 
0 0 0 0 0 0 0 0 0 0 0 0 0 0 0 0 0 0 0 0 0 0 0 0 0 0 0 0 0 0 0 0 
