32 32
0 7.637796524E-12 6.327704536E-12 6.293380731E-12 6.275452907E-12 6.294553326E-12 6.274083302E-12 6.272721096E-12 7.285397896E-12 6.423270102E-12 6.29919644E-12 6.293130926E-12 6.28538496E-12 6.289362822E-12 6.319972575E-12 6.277082902E-12 6.292182876E-12 6.308971585E-12 6.249500404E-12 6.30083493E-12 6.287915995E-12 6.287249492E-12 6.296942207E-12 6.284314361E-12 6.295159949E-12 6.272080308E-12 6.278566711E-12 6.292181086E-12 6.249579996E-12 6.238345426E-12 6.2699808E-12 6.305468371E-12 
0 0 7.650890719E-12 6.351659227E-12 6.314892346E-12 6.331556014E-12 6.306548669E-12 6.308235815E-12 6.419062063E-12 7.189810029E-12 6.433438882E-12 6.3365836E-12 6.318465556E-12 6.319911786E-12 6.348783871E-12 6.307941505E-12 6.300091768E-12 6.342273544E-12 6.28063705E-12 6.335317418E-12 6.320686656E-12 6.317455549E-12 6.328058182E-12 6.313875458E-12 6.312389243E-12 6.298079E-12 6.305618858E-12 6.317496514E-12 6.279550646E-12 6.267212004E-12 6.296744251E-12 6.332871078E-12 
0 0 0 7.500894262E-12 6.295787398E-12 6.288294989E-12 6.260787843E-12 6.260053706E-12 6.274048876E-12 6.386123081E-12 7.229464012E-12 6.382463879E-12 6.280929472E-12 6.277266959E-12 6.304217318E-12 6.260028954E-12 6.247257627E-12 6.289837674E-12 6.23690961E-12 6.287884669E-12 6.273076436E-12 6.272583178E-12 6.281998137E-12 6.266899232E-12 6.265070714E-12 6.251087539E-12 6.257683507E-12 6.273404518E-12 6.233001985E-12 6.221089504E-12 6.253566905E-12 6.289770955E-12 
0 0 0 0 7.603825585E-12 6.36049893E-12 6.308059334E-12 6.304807883E-12 6.300239358E-12 6.333398112E-12 6.4172925E-12 7.280571713E-12 6.406609972E-12 6.325280678E-12 6.342712376E-12 6.298088582E-12 6.279158375E-12 6.321306738E-12 6.270886952E-12 6.328445151E-12 6.315065088E-12 6.312978493E-12 6.321211131E-12 6.30943931E-12 6.30537899E-12 6.290101876E-12 6.297691698E-12 6.31405137E-12 6.270034077E-12 6.260019172E-12 6.289240484E-12 6.325893464E-12 
0 0 0 0 0 7.58197665E-12 6.324392932E-12 6.300981757E-12 6.279944458E-12 6.305108276E-12 6.305189254E-12 6.418103727E-12 7.210935767E-12 6.399498522E-12 6.340184147E-12 6.288208259E-12 6.263742214E-12 6.303796559E-12 6.249891812E-12 6.309812915E-12 6.304623841E-12 6.300102333E-12 6.306755454E-12 6.291349892E-12 6.288799416E-12 6.271434847E-12 6.281203007E-12 6.294886672E-12 6.25676927E-12 6.24451336E-12 6.277071141E-12 6.313131606E-12 
0 0 0 0 0 0 7.51534484E-12 6.303252275E-12 6.244951237E-12 6.267931057E-12 6.259143058E-12 6.277778561E-12 6.371799955E-12 7.129702369E-12 6.401087212E-12 6.271052389E-12 6.228874061E-12 6.270371995E-12 6.214201907E-12 6.274964748E-12 6.266840654E-12 6.272647705E-12 6.280418447E-12 6.263636368E-12 6.253138403E-12 6.237721336E-12 6.245917014E-12 6.262332476E-12 6.222585898E-12 6.213898597E-12 6.244198839E-12 6.2792755E-12 
0 0 0 0 0 0 0 7.708531275E-12 6.285013468E-12 6.306760513E-12 6.298627824E-12 6.308609314E-12 6.31272573E-12 6.415534597E-12 7.346323696E-12 6.411578201E-12 6.267968393E-12 6.310736907E-12 6.254711714E-12 6.313926474E-12 6.303165309E-12 6.308155814E-12 6.327127574E-12 6.308348294E-12 6.292539778E-12 6.278865714E-12 6.287959642E-12 6.300595875E-12 6.261278385E-12 6.25165031E-12 6.28372231E-12 6.322417773E-12 
0 0 0 0 0 0 0 0 6.28713295E-12 6.3095933E-12 6.29890381E-12 6.306394248E-12 6.304644762E-12 6.323272319E-12 6.465465857E-12 7.283280954E-12 6.270653492E-12 6.311291583E-12 6.256694191E-12 6.313332277E-12 6.305459782E-12 6.3068743E-12 6.329273182E-12 6.330001946E-12 6.293936288E-12 6.284515046E-12 6.290115043E-12 6.307031083E-12 6.265990676E-12 6.257530956E-12 6.289442878E-12 6.333884676E-12 
0 0 0 0 0 0 0 0 0 7.564255165E-12 6.32095869E-12 6.303009805E-12 6.29156885E-12 6.295781954E-12 6.324729001E-12 6.282120534E-12 7.302797253E-12 6.427795649E-12 6.268396054E-12 6.310969898E-12 6.296603968E-12 6.295428682E-12 6.302809825E-12 6.289752846E-12 6.32124325E-12 6.284225539E-12 6.288048981E-12 6.299248913E-12 6.25786306E-12 6.243617871E-12 6.27420226E-12 6.312109233E-12 
0 0 0 0 0 0 0 0 0 0 7.610357418E-12 6.325379364E-12 6.295751924E-12 6.295575784E-12 6.32293894E-12 6.276222055E-12 6.371737795E-12 7.228656451E-12 6.35010855E-12 6.317441116E-12 6.294225126E-12 6.294537758E-12 6.302170283E-12 6.290729015E-12 6.298844027E-12 6.286271874E-12 6.288733355E-12 6.298766214E-12 6.257702114E-12 6.245887106E-12 6.276967212E-12 6.311985935E-12 
0 0 0 0 0 0 0 0 0 0 0 7.403534372E-12 6.337348996E-12 6.323070173E-12 6.347531553E-12 6.305066983E-12 6.301086948E-12 6.44288502E-12 7.138270942E-12 6.431251252E-12 6.328530985E-12 6.319539614E-12 6.325643416E-12 6.312252739E-12 6.315905314E-12 6.304145105E-12 6.312504876E-12 6.327326167E-12 6.284010881E-12 6.266595204E-12 6.297873408E-12 6.332718843E-12 
0 0 0 0 0 0 0 0 0 0 0 0 7.483807635E-12 6.328273772E-12 6.337160852E-12 6.290357609E-12 6.27320506E-12 6.324560175E-12 6.360836221E-12 7.199253542E-12 6.417292857E-12 6.314748659E-12 6.314742686E-12 6.298688381E-12 6.298308829E-12 6.282355839E-12 6.295195388E-12 6.313089445E-12 6.267544429E-12 6.256545081E-12 6.284374464E-12 6.319882297E-12 
0 0 0 0 0 0 0 0 0 0 0 0 0 7.50916988E-12 6.341186664E-12 6.281878905E-12 6.255042183E-12 6.293812319E-12 6.251801037E-12 6.391970377E-12 7.211639196E-12 6.389546075E-12 6.310286365E-12 6.28473448E-12 6.278442822E-12 6.262956935E-12 6.271509778E-12 6.292785408E-12 6.257677985E-12 6.240330209E-12 6.269287662E-12 6.303547708E-12 
0 0 0 0 0 0 0 0 0 0 0 0 0 0 7.47734248E-12 6.30288331E-12 6.252110942E-12 6.292318471E-12 6.241173735E-12 6.307219029E-12 6.389737765E-12 7.230485107E-12 6.406745469E-12 6.298970025E-12 6.276317403E-12 6.261786032E-12 6.271983302E-12 6.290898992E-12 6.248817273E-12 6.246752195E-12 6.273480822E-12 6.306810392E-12 
0 0 0 0 0 0 0 0 0 0 0 0 0 0 0 7.621688047E-12 6.274032275E-12 6.311504809E-12 6.259968891E-12 6.31744784E-12 6.318299432E-12 6.40843417E-12 7.201436715E-12 6.420567774E-12 6.298145504E-12 6.282499201E-12 6.289767318E-12 6.306490781E-12 6.267158257E-12 6.260569929E-12 6.297131064E-12 6.333008194E-12 
0 0 0 0 0 0 0 0 0 0 0 0 0 0 0 0 6.275507286E-12 6.313910366E-12 6.258604451E-12 6.31961475E-12 6.312508738E-12 6.324154515E-12 6.508003794E-12 7.282324375E-12 6.30363545E-12 6.28446411E-12 6.289888606E-12 6.309850509E-12 6.268559017E-12 6.263328254E-12 6.300210729E-12 6.359127129E-12 
0 0 0 0 0 0 0 0 0 0 0 0 0 0 0 0 0 7.559766325E-12 6.276800534E-12 6.309636731E-12 6.292354607E-12 6.292659476E-12 6.304113566E-12 6.290613377E-12 7.314786173E-12 6.398715376E-12 6.300853403E-12 6.303687889E-12 6.257326262E-12 6.245934601E-12 6.275132166E-12 6.311506438E-12 
0 0 0 0 0 0 0 0 0 0 0 0 0 0 0 0 0 0 7.55672629E-12 6.370678458E-12 6.33517637E-12 6.333086359E-12 6.342218024E-12 6.328039563E-12 6.437530257E-12 7.168134156E-12 6.423053553E-12 6.346084745E-12 6.299062866E-12 6.283857293E-12 6.316008087E-12 6.347112601E-12 
0 0 0 0 0 0 0 0 0 0 0 0 0 0 0 0 0 0 0 7.44072716E-12 6.317843636E-12 6.294385693E-12 6.300527403E-12 6.28710967E-12 6.305217284E-12 6.389278421E-12 7.195805551E-12 6.407585837E-12 6.264264584E-12 6.24401486E-12 6.274278901E-12 6.308462802E-12 
0 0 0 0 0 0 0 0 0 0 0 0 0 0 0 0 0 0 0 0 7.549978028E-12 6.266661109E-12 6.255522651E-12 6.238386799E-12 6.239163037E-12 6.23436152E-12 6.33938314E-12 7.192070953E-12 6.30841621E-12 6.207769829E-12 6.226311882E-12 6.258586344E-12 
0 0 0 0 0 0 0 0 0 0 0 0 0 0 0 0 0 0 0 0 0 7.426708448E-12 6.336968539E-12 6.305156302E-12 6.292109568E-12 6.280815011E-12 6.298977509E-12 6.414872624E-12 7.142658059E-12 6.358239944E-12 6.291431471E-12 6.318974446E-12 
0 0 0 0 0 0 0 0 0 0 0 0 0 0 0 0 0 0 0 0 0 0 7.49669652E-12 6.348018866E-12 6.279572299E-12 6.261918906E-12 6.274709605E-12 6.298170131E-12 6.354073328E-12 7.125939814E-12 6.377093659E-12 6.31780075E-12 
0 0 0 0 0 0 0 0 0 0 0 0 0 0 0 0 0 0 0 0 0 0 0 1.399980137E-11 6.311734288E-12 6.296113408E-12 6.304263051E-12 6.324402984E-12 6.298089707E-12 6.379240101E-12 7.200992116E-12 6.533644873E-12 
0 0 0 0 0 0 0 0 0 0 0 0 0 0 0 0 0 0 0 0 0 0 0 0 6.275149617E-12 6.260415315E-12 6.270448953E-12 6.286472545E-12 6.254607307E-12 6.261014659E-12 6.404279262E-12 7.390713073E-12 
0 0 0 0 0 0 0 0 0 0 0 0 0 0 0 0 0 0 0 0 0 0 0 0 0 7.542059887E-12 6.306429434E-12 6.291546505E-12 6.237709144E-12 6.223918435E-12 6.25138366E-12 6.286675164E-12 
0 0 0 0 0 0 0 0 0 0 0 0 0 0 0 0 0 0 0 0 0 0 0 0 0 0 7.535615453E-12 6.323427664E-12 6.247528634E-12 6.231714767E-12 6.259038561E-12 6.292356871E-12 
0 0 0 0 0 0 0 0 0 0 0 0 0 0 0 0 0 0 0 0 0 0 0 0 0 0 0 7.657403563E-12 6.25128523E-12 6.207047208E-12 6.236850629E-12 6.269858818E-12 
0 0 0 0 0 0 0 0 0 0 0 0 0 0 0 0 0 0 0 0 0 0 0 0 0 0 0 0 7.492272667E-12 6.273291513E-12 6.273612534E-12 6.303595025E-12 
0 0 0 0 0 0 0 0 0 0 0 0 0 0 0 0 0 0 0 0 0 0 0 0 0 0 0 0 0 7.55183235E-12 6.284625815E-12 6.289399066E-12 
0 0 0 0 0 0 0 0 0 0 0 0 0 0 0 0 0 0 0 0 0 0 0 0 0 0 0 0 0 0 7.464684202E-12 6.321093518E-12 
0 0 0 0 0 0 0 0 0 0 0 0 0 0 0 0 0 0 0 0 0 0 0 0 0 0 0 0 0 0 0 7.726584051E-12 
0 0 0 0 0 0 0 0 0 0 0 0 0 0 0 0 0 0 0 0 0 0 0 0 0 0 0 0 0 0 0 0 
