32 32
0 7.638654647E-12 6.32169522E-12 6.294564036E-12 6.278062925E-12 6.298605557E-12 6.274838416E-12 6.277381131E-12 7.285496448E-12 6.428734151E-12 6.303700932E-12 6.297770453E-12 6.286924534E-12 6.290733896E-12 6.318886948E-12 6.276136392E-12 6.291936559E-12 6.30829786E-12 6.249494262E-12 6.304256677E-12 6.287922545E-12 6.288171795E-12 6.298543143E-12 6.289073637E-12 6.294711072E-12 6.272674138E-12 6.277203574E-12 6.290040461E-12 6.249436393E-12 6.23906296E-12 6.271095602E-12 6.307420715E-12 
0 0 7.652110158E-12 6.354853095E-12 6.31517311E-12 6.331643135E-12 6.306308569E-12 6.30842544E-12 6.418815378E-12 7.192487236E-12 6.436899964E-12 6.337900031E-12 6.320138876E-12 6.322588467E-12 6.349280702E-12 6.31027065E-12 6.302146879E-12 6.343150183E-12 6.283102725E-12 6.334234396E-12 6.321076194E-12 6.319768605E-12 6.330914328E-12 6.316709334E-12 6.315142014E-12 6.298971406E-12 6.30538469E-12 6.321894815E-12 6.279246506E-12 6.268533159E-12 6.300313889E-12 6.337294783E-12 
0 0 0 7.501443531E-12 6.297190029E-12 6.290302058E-12 6.260543491E-12 6.262246022E-12 6.276247554E-12 6.384292935E-12 7.22941889E-12 6.380451789E-12 6.282462643E-12 6.278009079E-12 6.303924407E-12 6.259752562E-12 6.248827795E-12 6.288790414E-12 6.234146868E-12 6.288951019E-12 6.272951535E-12 6.272673764E-12 6.279963432E-12 6.268703515E-12 6.268200449E-12 6.251885768E-12 6.260242393E-12 6.2740192E-12 6.232511058E-12 6.221384437E-12 6.253325387E-12 6.28954512E-12 
0 0 0 0 7.604237043E-12 6.363363483E-12 6.310049904E-12 6.30674141E-12 6.302627946E-12 6.334055247E-12 6.42006435E-12 7.283447732E-12 6.407938307E-12 6.32899846E-12 6.348914932E-12 6.302568305E-12 6.283135189E-12 6.321715673E-12 6.272031596E-12 6.333659196E-12 6.317263877E-12 6.313743393E-12 6.323125998E-12 6.308612559E-12 6.305837831E-12 6.288450239E-12 6.295916287E-12 6.310402688E-12 6.269677203E-12 6.261471819E-12 6.289756161E-12 6.325350048E-12 
0 0 0 0 0 7.578650296E-12 6.322502962E-12 6.29800421E-12 6.28019596E-12 6.303252662E-12 6.303547494E-12 6.416879502E-12 7.207549564E-12 6.400049383E-12 6.341513442E-12 6.288937308E-12 6.264768801E-12 6.304622934E-12 6.25211111E-12 6.310071089E-12 6.305813232E-12 6.301810391E-12 6.307149302E-12 6.293779146E-12 6.287386312E-12 6.273016955E-12 6.278659261E-12 6.295592235E-12 6.257100676E-12 6.24416516E-12 6.277166971E-12 6.312388849E-12 
0 0 0 0 0 0 7.514985399E-12 6.305013778E-12 6.245126504E-12 6.269207612E-12 6.258932739E-12 6.277849936E-12 6.370817999E-12 7.14684687E-12 6.406891187E-12 6.264573618E-12 6.227687036E-12 6.268429885E-12 6.214750043E-12 6.272249899E-12 6.263565644E-12 6.270277704E-12 6.276612639E-12 6.261251514E-12 6.250186038E-12 6.23670275E-12 6.245739383E-12 6.259548571E-12 6.220813131E-12 6.212250734E-12 6.243404584E-12 6.280353251E-12 
0 0 0 0 0 0 0 7.706859813E-12 6.28608187E-12 6.307873886E-12 6.299445397E-12 6.306452589E-12 6.309853649E-12 6.467770062E-12 7.31669984E-12 6.407479093E-12 6.268846978E-12 6.308089154E-12 6.253548505E-12 6.312067758E-12 6.30426195E-12 6.309241055E-12 6.321909239E-12 6.310789695E-12 6.29307851E-12 6.278847877E-12 6.284720966E-12 6.30188416E-12 6.262108396E-12 6.253791808E-12 6.286261943E-12 6.323930849E-12 
0 0 0 0 0 0 0 0 6.289609558E-12 6.31117773E-12 6.300623322E-12 6.3079292E-12 6.306415331E-12 6.346759661E-12 6.454161935E-12 7.281883841E-12 6.273778503E-12 6.313492921E-12 6.256164766E-12 6.313145872E-12 6.304697123E-12 6.310468545E-12 6.323741467E-12 6.333659967E-12 6.297313366E-12 6.280784561E-12 6.287617755E-12 6.305901361E-12 6.266119739E-12 6.258274575E-12 6.291607752E-12 6.334534031E-12 
0 0 0 0 0 0 0 0 0 7.567588811E-12 6.323721316E-12 6.304547982E-12 6.2924746E-12 6.296527481E-12 6.325326765E-12 6.283240727E-12 7.303725414E-12 6.429188751E-12 6.267264438E-12 6.309989442E-12 6.29645261E-12 6.295721002E-12 6.302054801E-12 6.292344415E-12 6.319423439E-12 6.286490777E-12 6.288333275E-12 6.300048892E-12 6.258238404E-12 6.246686345E-12 6.277476902E-12 6.311217848E-12 
0 0 0 0 0 0 0 0 0 0 7.613919297E-12 6.323313884E-12 6.296444459E-12 6.297630909E-12 6.322797547E-12 6.282493262E-12 6.376600468E-12 7.230803804E-12 6.3561182E-12 6.318384198E-12 6.296687648E-12 6.29709802E-12 6.305582212E-12 6.291365449E-12 6.296897129E-12 6.284724582E-12 6.289167835E-12 6.298940273E-12 6.255775318E-12 6.244260907E-12 6.276490176E-12 6.311656964E-12 
0 0 0 0 0 0 0 0 0 0 0 7.405727925E-12 6.336985586E-12 6.324008354E-12 6.349659749E-12 6.305322714E-12 6.30319991E-12 6.441260982E-12 7.139891493E-12 6.436401239E-12 6.328852977E-12 6.319431116E-12 6.32866338E-12 6.314797581E-12 6.31630577E-12 6.303004309E-12 6.315467546E-12 6.325610051E-12 6.28233486E-12 6.270388497E-12 6.301134364E-12 6.334947635E-12 
0 0 0 0 0 0 0 0 0 0 0 0 7.485557531E-12 6.330869603E-12 6.340326665E-12 6.291291492E-12 6.274567968E-12 6.323694856E-12 6.363072874E-12 7.200643565E-12 6.418119402E-12 6.314390886E-12 6.310922469E-12 6.296692258E-12 6.293577426E-12 6.280977275E-12 6.293281535E-12 6.31210697E-12 6.267373141E-12 6.252896473E-12 6.281716327E-12 6.316945834E-12 
0 0 0 0 0 0 0 0 0 0 0 0 0 7.493208676E-12 6.384129896E-12 6.279309917E-12 6.254733763E-12 6.296043895E-12 6.250688545E-12 6.392351338E-12 7.211692482E-12 6.390091534E-12 6.305980711E-12 6.285640984E-12 6.277831206E-12 6.262940427E-12 6.273107238E-12 6.293899492E-12 6.256603237E-12 6.244252294E-12 6.271103186E-12 6.304068492E-12 
0 0 0 0 0 0 0 0 0 0 0 0 0 0 1.429914786E-11 6.388078761E-12 6.253052063E-12 6.293223817E-12 6.240662201E-12 6.307734055E-12 6.390291618E-12 7.24522803E-12 6.460712653E-12 6.318807791E-12 6.275286266E-12 6.261528898E-12 6.270449954E-12 6.289523177E-12 6.251495624E-12 6.251903233E-12 6.274815338E-12 6.310729372E-12 
0 0 0 0 0 0 0 0 0 0 0 0 0 0 0 7.561080694E-12 6.269372975E-12 6.309931813E-12 6.257706102E-12 6.31797748E-12 6.32214056E-12 6.419997917E-12 7.151613392E-12 6.401461481E-12 6.296794269E-12 6.282589206E-12 6.290945666E-12 6.305875694E-12 6.267499469E-12 6.260986086E-12 6.296885501E-12 6.331694778E-12 
0 0 0 0 0 0 0 0 0 0 0 0 0 0 0 0 6.274316029E-12 6.31513162E-12 6.261303657E-12 6.317256972E-12 6.310436897E-12 6.322275597E-12 6.440062321E-12 7.318728001E-12 6.300014324E-12 6.284640871E-12 6.293172824E-12 6.308317232E-12 6.271726991E-12 6.265602509E-12 6.303863223E-12 6.358970554E-12 
0 0 0 0 0 0 0 0 0 0 0 0 0 0 0 0 0 7.558958196E-12 6.279707356E-12 6.311193787E-12 6.297319875E-12 6.298376145E-12 6.303682369E-12 6.29275091E-12 7.31231602E-12 6.401220957E-12 6.30274929E-12 6.302841893E-12 6.258213368E-12 6.248716578E-12 6.278234198E-12 6.312201417E-12 
0 0 0 0 0 0 0 0 0 0 0 0 0 0 0 0 0 0 7.560791129E-12 6.369197487E-12 6.335189143E-12 6.330111915E-12 6.339682759E-12 6.325712634E-12 6.439438341E-12 7.169545661E-12 6.426600803E-12 6.351705546E-12 6.29963053E-12 6.285694465E-12 6.314443207E-12 6.350048315E-12 
0 0 0 0 0 0 0 0 0 0 0 0 0 0 0 0 0 0 0 7.438878831E-12 6.31732449E-12 6.297266131E-12 6.302182608E-12 6.287901051E-12 6.303371235E-12 6.389433185E-12 7.196177734E-12 6.407135365E-12 6.265669058E-12 6.247329094E-12 6.276216372E-12 6.309700072E-12 
0 0 0 0 0 0 0 0 0 0 0 0 0 0 0 0 0 0 0 0 7.551048567E-12 6.268507437E-12 6.256877742E-12 6.241499925E-12 6.242004427E-12 6.236940926E-12 6.335769429E-12 7.190612513E-12 6.310427306E-12 6.206188362E-12 6.228047296E-12 6.262272777E-12 
0 0 0 0 0 0 0 0 0 0 0 0 0 0 0 0 0 0 0 0 0 7.430264347E-12 6.332417188E-12 6.302012671E-12 6.28966477E-12 6.278307086E-12 6.297544945E-12 6.412417732E-12 7.146101881E-12 6.362801222E-12 6.295642451E-12 6.323999694E-12 
0 0 0 0 0 0 0 0 0 0 0 0 0 0 0 0 0 0 0 0 0 0 7.505369867E-12 6.310673492E-12 6.276574462E-12 6.258923439E-12 6.271187331E-12 6.30079537E-12 6.353899526E-12 7.127411151E-12 6.381894134E-12 6.320846271E-12 
0 0 0 0 0 0 0 0 0 0 0 0 0 0 0 0 0 0 0 0 0 0 0 7.563575643E-12 6.31011735E-12 6.296340699E-12 6.30514045E-12 6.325408291E-12 6.295056308E-12 6.374394857E-12 7.184346038E-12 6.453365685E-12 
0 0 0 0 0 0 0 0 0 0 0 0 0 0 0 0 0 0 0 0 0 0 0 0 6.275798596E-12 6.261593799E-12 6.270266965E-12 6.289671988E-12 6.250378264E-12 6.25664179E-12 6.394975394E-12 7.439875703E-12 
0 0 0 0 0 0 0 0 0 0 0 0 0 0 0 0 0 0 0 0 0 0 0 0 0 7.543001434E-12 6.307222944E-12 6.289590199E-12 6.2348518E-12 6.221496739E-12 6.2530277E-12 6.292538427E-12 
0 0 0 0 0 0 0 0 0 0 0 0 0 0 0 0 0 0 0 0 0 0 0 0 0 0 7.535080078E-12 6.323911069E-12 6.246466174E-12 6.227656399E-12 6.257726163E-12 6.295886458E-12 
0 0 0 0 0 0 0 0 0 0 0 0 0 0 0 0 0 0 0 0 0 0 0 0 0 0 0 7.661511812E-12 6.249976019E-12 6.210465508E-12 6.232641899E-12 6.270070851E-12 
0 0 0 0 0 0 0 0 0 0 0 0 0 0 0 0 0 0 0 0 0 0 0 0 0 0 0 0 7.498081059E-12 6.275430665E-12 6.27251019E-12 6.305656692E-12 
0 0 0 0 0 0 0 0 0 0 0 0 0 0 0 0 0 0 0 0 0 0 0 0 0 0 0 0 0 7.552261713E-12 6.281512841E-12 6.293287778E-12 
0 0 0 0 0 0 0 0 0 0 0 0 0 0 0 0 0 0 0 0 0 0 0 0 0 0 0 0 0 0 7.468638632E-12 6.320802022E-12 
0 0 0 0 0 0 0 0 0 0 0 0 0 0 0 0 0 0 0 0 0 0 0 0 0 0 0 0 0 0 0 7.732069805E-12 
0 0 0 0 0 0 0 0 0 0 0 0 0 0 0 0 0 0 0 0 0 0 0 0 0 0 0 0 0 0 0 0 
