32 32
0 7.637688035E-12 6.32555683E-12 6.295566835E-12 6.278265942E-12 6.296346817E-12 6.27577264E-12 6.276522766E-12 7.286945635E-12 6.425946374E-12 6.313987968E-12 6.293852958E-12 6.284834086E-12 6.287869902E-12 6.320244002E-12 6.275837627E-12 6.292370249E-12 6.308545438E-12 6.248840609E-12 6.300094781E-12 6.287541301E-12 6.290421375E-12 6.29849523E-12 6.283002201E-12 6.295433911E-12 6.270877125E-12 6.279199029E-12 6.292193687E-12 6.247002563E-12 6.239284378E-12 6.27518334E-12 6.304738725E-12 
0 0 7.634922775E-12 6.354113534E-12 6.316351308E-12 6.32806202E-12 6.305959907E-12 6.305186309E-12 6.413476357E-12 7.18206272E-12 6.474970704E-12 6.338275282E-12 6.320677124E-12 6.320977819E-12 6.350485745E-12 6.3069336E-12 6.301168148E-12 6.34066715E-12 6.2817474E-12 6.333211983E-12 6.321145363E-12 6.321488403E-12 6.329195613E-12 6.317011876E-12 6.318020324E-12 6.300286936E-12 6.308525827E-12 6.322531874E-12 6.280875083E-12 6.270512771E-12 6.302444623E-12 6.333912045E-12 
0 0 0 7.494292484E-12 6.298369996E-12 6.290863293E-12 6.264806085E-12 6.262136143E-12 6.277887638E-12 6.372996465E-12 7.530410205E-12 6.374277976E-12 6.279346405E-12 6.276211781E-12 6.30351386E-12 6.261191145E-12 6.246772314E-12 6.289441493E-12 6.242564383E-12 6.289470587E-12 6.269346164E-12 6.269530835E-12 6.28093577E-12 6.269046027E-12 6.264784257E-12 6.247747163E-12 6.262873836E-12 6.276497359E-12 6.231305858E-12 6.221237874E-12 6.25147525E-12 6.291566934E-12 
0 0 0 0 7.598947133E-12 6.364404195E-12 6.305463926E-12 6.303425449E-12 6.301755745E-12 6.330028482E-12 6.455158861E-12 7.271999256E-12 6.402994932E-12 6.324733018E-12 6.345571169E-12 6.305610116E-12 6.278132462E-12 6.32442036E-12 6.272019698E-12 6.33365233E-12 6.317118448E-12 6.311483561E-12 6.321921421E-12 6.305118423E-12 6.310228614E-12 6.290455858E-12 6.293605324E-12 6.315318614E-12 6.27146028E-12 6.256055514E-12 6.289945244E-12 6.333631048E-12 
0 0 0 0 0 7.577151398E-12 6.32787363E-12 6.30101271E-12 6.278815012E-12 6.297530737E-12 6.315204765E-12 6.416976133E-12 7.205816531E-12 6.401405946E-12 6.341843584E-12 6.287843696E-12 6.259901764E-12 6.30036532E-12 6.246085972E-12 6.305626548E-12 6.308348306E-12 6.299691449E-12 6.308719997E-12 6.294400642E-12 6.289928891E-12 6.273086838E-12 6.280198159E-12 6.29873879E-12 6.255552367E-12 6.246887172E-12 6.275832479E-12 6.311985773E-12 
0 0 0 0 0 0 7.513354444E-12 6.302343778E-12 6.25021578E-12 6.265563767E-12 6.267434826E-12 6.276212622E-12 6.369555191E-12 7.125268997E-12 6.402814758E-12 6.268690847E-12 6.233916958E-12 6.26389879E-12 6.213929414E-12 6.270841548E-12 6.262130657E-12 6.274279275E-12 6.272849447E-12 6.260514613E-12 6.254695435E-12 6.232653038E-12 6.250575722E-12 6.259008432E-12 6.217492708E-12 6.21040339E-12 6.240420392E-12 6.286532095E-12 
0 0 0 0 0 0 0 7.711046642E-12 6.287711389E-12 6.310856824E-12 6.299119705E-12 6.307848813E-12 6.310281706E-12 6.415451069E-12 7.347231472E-12 6.412579228E-12 6.275559575E-12 6.311716088E-12 6.254847239E-12 6.312676256E-12 6.303661526E-12 6.307422285E-12 6.322274998E-12 6.317093756E-12 6.292573633E-12 6.277730731E-12 6.293190206E-12 6.302428476E-12 6.262304137E-12 6.255120375E-12 6.286687339E-12 6.327039945E-12 
0 0 0 0 0 0 0 0 6.288296635E-12 6.311436318E-12 6.304009886E-12 6.3053003E-12 6.304867406E-12 6.327958528E-12 6.470752948E-12 7.288998786E-12 6.273725876E-12 6.311551233E-12 6.256343604E-12 6.3148804E-12 6.306348192E-12 6.307352052E-12 6.327370675E-12 6.331329206E-12 6.297799956E-12 6.285928091E-12 6.295792298E-12 6.307701644E-12 6.260121991E-12 6.25906339E-12 6.287690106E-12 6.330158173E-12 
0 0 0 0 0 0 0 0 0 7.5689936E-12 6.332921154E-12 6.296822659E-12 6.29006324E-12 6.297272801E-12 6.323054822E-12 6.282882163E-12 7.302353886E-12 6.424843251E-12 6.261674398E-12 6.308624927E-12 6.295054621E-12 6.293608643E-12 6.311386855E-12 6.29296333E-12 6.3217797E-12 6.282786407E-12 6.286976846E-12 6.301358355E-12 6.258095112E-12 6.246597507E-12 6.279706385E-12 6.315941065E-12 
0 0 0 0 0 0 0 0 0 0 7.793298274E-12 6.321406135E-12 6.297406485E-12 6.293610079E-12 6.318674529E-12 6.28692266E-12 6.375096548E-12 7.220946741E-12 6.340467314E-12 6.314503828E-12 6.296783614E-12 6.290112995E-12 6.300051371E-12 6.288455466E-12 6.299700284E-12 6.279255654E-12 6.284068502E-12 6.297601649E-12 6.259119892E-12 6.245635055E-12 6.272740857E-12 6.312913134E-12 
0 0 0 0 0 0 0 0 0 0 0 7.574216213E-12 6.35213527E-12 6.327652687E-12 6.35069649E-12 6.308634713E-12 6.313163009E-12 6.484350588E-12 7.393600089E-12 6.473364922E-12 6.338569216E-12 6.323310035E-12 6.327685849E-12 6.315384214E-12 6.321620269E-12 6.311716581E-12 6.322406383E-12 6.33028664E-12 6.284886633E-12 6.270882835E-12 6.298446283E-12 6.336314315E-12 
0 0 0 0 0 0 0 0 0 0 0 0 7.483480415E-12 6.328939636E-12 6.339900336E-12 6.292636255E-12 6.275341828E-12 6.323297918E-12 6.347220154E-12 7.193164178E-12 6.416936196E-12 6.314769869E-12 6.313616915E-12 6.296127403E-12 6.295874848E-12 6.283797688E-12 6.296000927E-12 6.314120496E-12 6.267837823E-12 6.256610369E-12 6.281989479E-12 6.318328982E-12 
0 0 0 0 0 0 0 0 0 0 0 0 0 7.509077179E-12 6.343319522E-12 6.282080734E-12 6.254743011E-12 6.296539564E-12 6.251827614E-12 6.393148139E-12 7.208978756E-12 6.39342228E-12 6.306872646E-12 6.285012024E-12 6.278775498E-12 6.265113712E-12 6.276009402E-12 6.293961748E-12 6.253747194E-12 6.241149996E-12 6.269956001E-12 6.303832021E-12 
0 0 0 0 0 0 0 0 0 0 0 0 0 0 7.476056456E-12 6.302483423E-12 6.251665127E-12 6.291740087E-12 6.238351803E-12 6.308597422E-12 6.38751932E-12 7.230183492E-12 6.404329073E-12 6.299375538E-12 6.274424847E-12 6.263130666E-12 6.273420395E-12 6.289723639E-12 6.252886764E-12 6.247300882E-12 6.269416032E-12 6.306344332E-12 
0 0 0 0 0 0 0 0 0 0 0 0 0 0 0 7.623021504E-12 6.270088467E-12 6.312601488E-12 6.257118862E-12 6.313293483E-12 6.315755876E-12 6.414271696E-12 7.186425984E-12 6.413916807E-12 6.297487562E-12 6.28172901E-12 6.290110778E-12 6.3044099E-12 6.266620016E-12 6.260277717E-12 6.298482119E-12 6.333652849E-12 
0 0 0 0 0 0 0 0 0 0 0 0 0 0 0 0 6.273699962E-12 6.316068039E-12 6.261060462E-12 6.3209994E-12 6.309488289E-12 6.326916602E-12 6.443737369E-12 7.319857745E-12 6.299937561E-12 6.284493369E-12 6.293175977E-12 6.30971956E-12 6.274472321E-12 6.263846204E-12 6.301515685E-12 6.359967614E-12 
0 0 0 0 0 0 0 0 0 0 0 0 0 0 0 0 0 7.55929721E-12 6.279976559E-12 6.314851946E-12 6.294920331E-12 6.295103342E-12 6.303736427E-12 6.292143347E-12 7.313885773E-12 6.401012157E-12 6.302843672E-12 6.306718544E-12 6.258670305E-12 6.24499588E-12 6.277591382E-12 6.312438353E-12 
0 0 0 0 0 0 0 0 0 0 0 0 0 0 0 0 0 0 7.546248293E-12 6.367881093E-12 6.336268589E-12 6.33012246E-12 6.341038884E-12 6.326846317E-12 6.438920483E-12 7.168060575E-12 6.422610448E-12 6.348973294E-12 6.29612683E-12 6.285982496E-12 6.314239066E-12 6.34969737E-12 
0 0 0 0 0 0 0 0 0 0 0 0 0 0 0 0 0 0 0 7.428407291E-12 6.31490496E-12 6.297968787E-12 6.301635543E-12 6.289676361E-12 6.304127963E-12 6.389426262E-12 7.195544017E-12 6.410565761E-12 6.269860905E-12 6.247260405E-12 6.275517726E-12 6.309254316E-12 
0 0 0 0 0 0 0 0 0 0 0 0 0 0 0 0 0 0 0 0 7.552479782E-12 6.270128135E-12 6.256292043E-12 6.239732306E-12 6.242583821E-12 6.235415869E-12 6.337722737E-12 7.191667887E-12 6.308687537E-12 6.205553149E-12 6.227534833E-12 6.261216765E-12 
0 0 0 0 0 0 0 0 0 0 0 0 0 0 0 0 0 0 0 0 0 7.430441963E-12 6.336229889E-12 6.301556406E-12 6.294307073E-12 6.279833763E-12 6.30263247E-12 6.416794641E-12 7.14368356E-12 6.361515528E-12 6.296454149E-12 6.320811745E-12 
0 0 0 0 0 0 0 0 0 0 0 0 0 0 0 0 0 0 0 0 0 0 7.510493315E-12 6.310852152E-12 6.27665945E-12 6.262038829E-12 6.275449968E-12 6.300258707E-12 6.355513513E-12 7.131972087E-12 6.382155784E-12 6.32235589E-12 
0 0 0 0 0 0 0 0 0 0 0 0 0 0 0 0 0 0 0 0 0 0 0 7.567495169E-12 6.31170137E-12 6.296694482E-12 6.304383634E-12 6.323810864E-12 6.295629965E-12 6.380052498E-12 7.184728914E-12 6.459407415E-12 
0 0 0 0 0 0 0 0 0 0 0 0 0 0 0 0 0 0 0 0 0 0 0 0 6.277401169E-12 6.262891055E-12 6.270690976E-12 6.286373171E-12 6.251195636E-12 6.254127207E-12 6.397473386E-12 7.439744791E-12 
0 0 0 0 0 0 0 0 0 0 0 0 0 0 0 0 0 0 0 0 0 0 0 0 0 7.543779217E-12 6.307534863E-12 6.289581472E-12 6.239166771E-12 6.223428842E-12 6.256513907E-12 6.288975827E-12 
0 0 0 0 0 0 0 0 0 0 0 0 0 0 0 0 0 0 0 0 0 0 0 0 0 0 7.53803535E-12 6.324390145E-12 6.248906763E-12 6.232863617E-12 6.258009853E-12 6.29449778E-12 
0 0 0 0 0 0 0 0 0 0 0 0 0 0 0 0 0 0 0 0 0 0 0 0 0 0 0 7.65841148E-12 6.251071068E-12 6.208396237E-12 6.235023842E-12 6.2703041E-12 
0 0 0 0 0 0 0 0 0 0 0 0 0 0 0 0 0 0 0 0 0 0 0 0 0 0 0 0 7.497173135E-12 6.272275686E-12 6.274163882E-12 6.302626152E-12 
0 0 0 0 0 0 0 0 0 0 0 0 0 0 0 0 0 0 0 0 0 0 0 0 0 0 0 0 0 7.549004088E-12 6.281595788E-12 6.290451125E-12 
0 0 0 0 0 0 0 0 0 0 0 0 0 0 0 0 0 0 0 0 0 0 0 0 0 0 0 0 0 0 7.466522788E-12 6.322160776E-12 
0 0 0 0 0 0 0 0 0 0 0 0 0 0 0 0 0 0 0 0 0 0 0 0 0 0 0 0 0 0 0 7.730142089E-12 
0 0 0 0 0 0 0 0 0 0 0 0 0 0 0 0 0 0 0 0 0 0 0 0 0 0 0 0 0 0 0 0 
