32 32
0 7.639762749E-12 6.327228869E-12 6.296695539E-12 6.281233609E-12 6.299283783E-12 6.275234555E-12 6.279141675E-12 7.288744102E-12 6.426349665E-12 6.306374864E-12 6.298869471E-12 6.288560254E-12 6.291367768E-12 6.322097647E-12 6.278154232E-12 6.294999233E-12 6.311220353E-12 6.250589826E-12 6.304830151E-12 6.29213976E-12 6.290334008E-12 6.29845272E-12 6.286042869E-12 6.296733747E-12 6.274014995E-12 6.278681869E-12 6.292786984E-12 6.251462519E-12 6.238622808E-12 6.270473397E-12 6.307100246E-12 
0 0 7.653563149E-12 6.355757791E-12 6.317284761E-12 6.330194024E-12 6.307410326E-12 6.310516269E-12 6.419875014E-12 7.192852784E-12 6.436717793E-12 6.337820368E-12 6.319509821E-12 6.324766741E-12 6.350189094E-12 6.309613959E-12 6.304157408E-12 6.342564E-12 6.283650986E-12 6.334601165E-12 6.32259371E-12 6.321844312E-12 6.3292184E-12 6.317950218E-12 6.318600092E-12 6.299495774E-12 6.30737557E-12 6.322784168E-12 6.28013145E-12 6.268794112E-12 6.302065984E-12 6.336798685E-12 
0 0 0 7.505332209E-12 6.299876306E-12 6.291021704E-12 6.261923781E-12 6.266240766E-12 6.277912238E-12 6.385122453E-12 7.231473517E-12 6.38444062E-12 6.283112504E-12 6.280005605E-12 6.305270002E-12 6.26303303E-12 6.248643402E-12 6.288517435E-12 6.236286668E-12 6.288921158E-12 6.276382066E-12 6.276518133E-12 6.281975007E-12 6.269718543E-12 6.266949167E-12 6.251850363E-12 6.261658565E-12 6.271635893E-12 6.233036608E-12 6.222520801E-12 6.254413667E-12 6.288149659E-12 
0 0 0 0 7.605078153E-12 6.36515835E-12 6.310003365E-12 6.308088091E-12 6.304250036E-12 6.334760591E-12 6.419128969E-12 7.281993599E-12 6.40711334E-12 6.328095377E-12 6.348615057E-12 6.303945584E-12 6.283755815E-12 6.323012262E-12 6.273355867E-12 6.333334124E-12 6.316014646E-12 6.315219139E-12 6.322116141E-12 6.309618785E-12 6.304109846E-12 6.288010985E-12 6.296077877E-12 6.311386176E-12 6.271379034E-12 6.260858476E-12 6.291863246E-12 6.331248601E-12 
0 0 0 0 0 7.582338874E-12 6.326028664E-12 6.300265654E-12 6.280642418E-12 6.303778436E-12 6.303937921E-12 6.417176918E-12 7.210803955E-12 6.400804837E-12 6.340920299E-12 6.29232281E-12 6.265980513E-12 6.30383249E-12 6.253168016E-12 6.310481919E-12 6.305209237E-12 6.306760672E-12 6.307681136E-12 6.294767063E-12 6.289711809E-12 6.271942745E-12 6.279337943E-12 6.29571227E-12 6.258103683E-12 6.247888009E-12 6.279199697E-12 6.313952573E-12 
0 0 0 0 0 0 7.518431126E-12 6.306475982E-12 6.247373397E-12 6.269798115E-12 6.263428717E-12 6.277426857E-12 6.372459365E-12 7.130634961E-12 6.403027431E-12 6.269801027E-12 6.229009385E-12 6.269098417E-12 6.218035918E-12 6.274895472E-12 6.268009741E-12 6.277666235E-12 6.276862984E-12 6.264758368E-12 6.255341243E-12 6.240439296E-12 6.245558132E-12 6.261704355E-12 6.224383062E-12 6.214309811E-12 6.2457437E-12 6.28234362E-12 
0 0 0 0 0 0 0 7.712599911E-12 6.288108737E-12 6.308206604E-12 6.297235074E-12 6.307719163E-12 6.311345435E-12 6.409351551E-12 7.346258163E-12 6.413534105E-12 6.266851129E-12 6.303203774E-12 6.249364757E-12 6.309075304E-12 6.299648873E-12 6.311850803E-12 6.32478678E-12 6.310458413E-12 6.293642758E-12 6.278742903E-12 6.287872031E-12 6.301672578E-12 6.261223147E-12 6.255374916E-12 6.286127432E-12 6.323283899E-12 
0 0 0 0 0 0 0 0 6.289717409E-12 6.312492976E-12 6.300029039E-12 6.305525376E-12 6.306883804E-12 6.324196993E-12 6.464291729E-12 7.286233731E-12 6.27352607E-12 6.312519665E-12 6.257009257E-12 6.316992024E-12 6.307010481E-12 6.316255002E-12 6.326671264E-12 6.33812535E-12 6.299638263E-12 6.281572908E-12 6.293333285E-12 6.30690107E-12 6.267090983E-12 6.256985724E-12 6.287829752E-12 6.334253579E-12 
0 0 0 0 0 0 0 0 0 7.567609989E-12 6.322429802E-12 6.305824156E-12 6.293573257E-12 6.295595615E-12 6.325014775E-12 6.283466175E-12 7.304501935E-12 6.429458221E-12 6.266651185E-12 6.307819995E-12 6.29792004E-12 6.295636897E-12 6.304357863E-12 6.292139798E-12 6.323987464E-12 6.285401325E-12 6.286506665E-12 6.302080547E-12 6.257990669E-12 6.248138952E-12 6.279759912E-12 6.314960092E-12 
0 0 0 0 0 0 0 0 0 0 7.611146769E-12 6.323060161E-12 6.294398171E-12 6.296872889E-12 6.326116452E-12 6.283597112E-12 6.376090103E-12 7.234510195E-12 6.355260267E-12 6.319636672E-12 6.297267624E-12 6.298640608E-12 6.301988912E-12 6.291081622E-12 6.298474585E-12 6.284586209E-12 6.289725283E-12 6.301819669E-12 6.256953167E-12 6.244690302E-12 6.275955811E-12 6.310336161E-12 
0 0 0 0 0 0 0 0 0 0 0 7.402101442E-12 6.33535201E-12 6.323071006E-12 6.349162079E-12 6.305746055E-12 6.303214552E-12 6.442683892E-12 7.140822101E-12 6.436247663E-12 6.329286897E-12 6.321413923E-12 6.329251013E-12 6.312490914E-12 6.312429207E-12 6.303720838E-12 6.317657882E-12 6.32826833E-12 6.282345182E-12 6.267639473E-12 6.299032155E-12 6.336423001E-12 
0 0 0 0 0 0 0 0 0 0 0 0 7.483929665E-12 6.32949637E-12 6.336401227E-12 6.291905779E-12 6.2756571E-12 6.324343516E-12 6.362217707E-12 7.201894444E-12 6.419004861E-12 6.32013471E-12 6.311055456E-12 6.300521357E-12 6.294832243E-12 6.282483607E-12 6.295301979E-12 6.313672646E-12 6.264105423E-12 6.252193156E-12 6.283772093E-12 6.317848381E-12 
0 0 0 0 0 0 0 0 0 0 0 0 0 7.493430027E-12 6.336071805E-12 6.278989037E-12 6.251360507E-12 6.295534506E-12 6.249520595E-12 6.391023301E-12 7.204142856E-12 6.434094902E-12 6.305094299E-12 6.287524343E-12 6.280724533E-12 6.261992988E-12 6.275885673E-12 6.294601653E-12 6.254444424E-12 6.241211716E-12 6.269234926E-12 6.303143202E-12 
0 0 0 0 0 0 0 0 0 0 0 0 0 0 7.464954809E-12 6.301451191E-12 6.253082685E-12 6.292011479E-12 6.240846302E-12 6.303908426E-12 6.37606188E-12 7.594697985E-12 6.387933574E-12 6.293254329E-12 6.275448165E-12 6.260913053E-12 6.271901076E-12 6.287505489E-12 6.253772637E-12 6.255015349E-12 6.276964195E-12 6.30930406E-12 
0 0 0 0 0 0 0 0 0 0 0 0 0 0 0 7.623718752E-12 6.272761276E-12 6.31229302E-12 6.257203723E-12 6.316880848E-12 6.312378003E-12 6.447022844E-12 7.180801173E-12 6.414863525E-12 6.298115252E-12 6.282911658E-12 6.290102341E-12 6.309734475E-12 6.268786599E-12 6.263098416E-12 6.298549112E-12 6.333118813E-12 
0 0 0 0 0 0 0 0 0 0 0 0 0 0 0 0 6.278139311E-12 6.317933893E-12 6.261541594E-12 6.318644541E-12 6.311749597E-12 6.330842182E-12 6.441883258E-12 7.317907641E-12 6.297785308E-12 6.28227269E-12 6.293635055E-12 6.306747943E-12 6.268393913E-12 6.263951536E-12 6.300176486E-12 6.360178245E-12 
0 0 0 0 0 0 0 0 0 0 0 0 0 0 0 0 0 7.556342766E-12 6.276264756E-12 6.312739824E-12 6.294802408E-12 6.295969282E-12 6.302188437E-12 6.289578592E-12 7.312952664E-12 6.399185779E-12 6.301159875E-12 6.30408795E-12 6.258082735E-12 6.242086752E-12 6.273909073E-12 6.314103037E-12 
0 0 0 0 0 0 0 0 0 0 0 0 0 0 0 0 0 0 7.558792459E-12 6.367011405E-12 6.33482298E-12 6.334659799E-12 6.341267039E-12 6.327429601E-12 6.439196074E-12 7.166774325E-12 6.42577674E-12 6.348879535E-12 6.300241303E-12 6.285108968E-12 6.315143761E-12 6.347557191E-12 
0 0 0 0 0 0 0 0 0 0 0 0 0 0 0 0 0 0 0 7.439770252E-12 6.317827338E-12 6.303823466E-12 6.302302059E-12 6.29202562E-12 6.307026137E-12 6.392613175E-12 7.197918237E-12 6.408766047E-12 6.269052895E-12 6.248675177E-12 6.277998328E-12 6.308116143E-12 
0 0 0 0 0 0 0 0 0 0 0 0 0 0 0 0 0 0 0 0 7.548886368E-12 6.280879923E-12 6.25703832E-12 6.241639028E-12 6.242292012E-12 6.238261367E-12 6.339328428E-12 7.187848E-12 6.306423293E-12 6.203783911E-12 6.228341283E-12 6.261844757E-12 
0 0 0 0 0 0 0 0 0 0 0 0 0 0 0 0 0 0 0 0 0 7.615863826E-12 6.331816376E-12 6.299276397E-12 6.291049166E-12 6.28206698E-12 6.296551075E-12 6.41360762E-12 7.137382781E-12 6.349111325E-12 6.291280354E-12 6.323441347E-12 
0 0 0 0 0 0 0 0 0 0 0 0 0 0 0 0 0 0 0 0 0 0 7.666124469E-12 6.326276677E-12 6.282060821E-12 6.26986824E-12 6.283771755E-12 6.310522367E-12 6.397278555E-12 7.392233159E-12 6.424103066E-12 6.332315737E-12 
0 0 0 0 0 0 0 0 0 0 0 0 0 0 0 0 0 0 0 0 0 0 0 7.564166203E-12 6.311535496E-12 6.300691834E-12 6.303634946E-12 6.322772697E-12 6.297367073E-12 6.361936521E-12 7.176541473E-12 6.452526428E-12 
0 0 0 0 0 0 0 0 0 0 0 0 0 0 0 0 0 0 0 0 0 0 0 0 6.27712694E-12 6.262729601E-12 6.273535377E-12 6.284194249E-12 6.252698008E-12 6.253997826E-12 6.397416072E-12 7.438571104E-12 
0 0 0 0 0 0 0 0 0 0 0 0 0 0 0 0 0 0 0 0 0 0 0 0 0 7.543485807E-12 6.306499773E-12 6.290231649E-12 6.2408249E-12 6.22878363E-12 6.255909397E-12 6.291872224E-12 
0 0 0 0 0 0 0 0 0 0 0 0 0 0 0 0 0 0 0 0 0 0 0 0 0 0 7.538815107E-12 6.320968954E-12 6.247405681E-12 6.230307931E-12 6.257993733E-12 6.293370114E-12 
0 0 0 0 0 0 0 0 0 0 0 0 0 0 0 0 0 0 0 0 0 0 0 0 0 0 0 7.658507013E-12 6.252141581E-12 6.208947637E-12 6.236175355E-12 6.269658244E-12 
0 0 0 0 0 0 0 0 0 0 0 0 0 0 0 0 0 0 0 0 0 0 0 0 0 0 0 0 7.496129186E-12 6.271858828E-12 6.274970504E-12 6.304407187E-12 
0 0 0 0 0 0 0 0 0 0 0 0 0 0 0 0 0 0 0 0 0 0 0 0 0 0 0 0 0 7.542018268E-12 6.286625643E-12 6.294072093E-12 
0 0 0 0 0 0 0 0 0 0 0 0 0 0 0 0 0 0 0 0 0 0 0 0 0 0 0 0 0 0 7.460753174E-12 6.320064494E-12 
0 0 0 0 0 0 0 0 0 0 0 0 0 0 0 0 0 0 0 0 0 0 0 0 0 0 0 0 0 0 0 7.730500122E-12 
0 0 0 0 0 0 0 0 0 0 0 0 0 0 0 0 0 0 0 0 0 0 0 0 0 0 0 0 0 0 0 0 
