32 32
0 7.640892734E-12 6.325823677E-12 6.296703483E-12 6.282361891E-12 6.301729366E-12 6.279186959E-12 6.282699198E-12 7.283966386E-12 6.429962016E-12 6.302973382E-12 6.296129938E-12 6.283961725E-12 6.293049756E-12 6.31559587E-12 6.284503793E-12 6.306327554E-12 6.305765555E-12 6.251378147E-12 6.306076795E-12 6.289037782E-12 6.293317788E-12 6.298044618E-12 6.284878201E-12 6.29419487E-12 6.270169085E-12 6.276934379E-12 6.294223958E-12 6.248458242E-12 6.243702116E-12 6.27219248E-12 6.310871924E-12 
0 0 7.655449826E-12 6.350549186E-12 6.316135875E-12 6.331239887E-12 6.304826846E-12 6.312858241E-12 6.415891265E-12 7.194629099E-12 6.431177474E-12 6.335159109E-12 6.321912153E-12 6.319906002E-12 6.350254715E-12 6.307503231E-12 6.303214652E-12 6.337251377E-12 6.280721772E-12 6.332737513E-12 6.323107862E-12 6.321481786E-12 6.330186713E-12 6.315907943E-12 6.319072622E-12 6.301268665E-12 6.307792116E-12 6.323356635E-12 6.280464962E-12 6.273471799E-12 6.301452848E-12 6.337517632E-12 
0 0 0 7.504418522E-12 6.296607956E-12 6.29249819E-12 6.264189247E-12 6.263805178E-12 6.275718611E-12 6.383955006E-12 7.234631537E-12 6.383365337E-12 6.282855333E-12 6.278590712E-12 6.301957559E-12 6.256867419E-12 6.250646482E-12 6.286133805E-12 6.238336355E-12 6.289465922E-12 6.274500237E-12 6.272603835E-12 6.284983157E-12 6.268732243E-12 6.267305025E-12 6.251791758E-12 6.260609378E-12 6.276250204E-12 6.233994829E-12 6.222674608E-12 6.254361907E-12 6.289171559E-12 
0 0 0 0 7.605884404E-12 6.366858622E-12 6.313946406E-12 6.308428751E-12 6.305095121E-12 6.334306267E-12 6.421655943E-12 7.285603641E-12 6.407198714E-12 6.328665321E-12 6.345381905E-12 6.298939603E-12 6.280438943E-12 6.321626326E-12 6.273001591E-12 6.328116499E-12 6.313789954E-12 6.312244319E-12 6.320035877E-12 6.308362292E-12 6.303688177E-12 6.286170527E-12 6.298051069E-12 6.312261355E-12 6.274972581E-12 6.264540293E-12 6.293049876E-12 6.32854097E-12 
0 0 0 0 0 7.583578742E-12 6.328115456E-12 6.301349034E-12 6.282000098E-12 6.30643071E-12 6.308209289E-12 6.420531381E-12 7.209383287E-12 6.397816296E-12 6.339540597E-12 6.288468773E-12 6.26568897E-12 6.306011203E-12 6.253913155E-12 6.313979409E-12 6.305639019E-12 6.301397645E-12 6.308154043E-12 6.294542063E-12 6.289225779E-12 6.27469112E-12 6.282423489E-12 6.300005923E-12 6.25630055E-12 6.247420228E-12 6.277478497E-12 6.314292186E-12 
0 0 0 0 0 0 7.521037684E-12 6.308343516E-12 6.24497658E-12 6.266220215E-12 6.258284031E-12 6.27695103E-12 6.372278575E-12 7.131141603E-12 6.40208632E-12 6.266624402E-12 6.227926717E-12 6.266925258E-12 6.214771608E-12 6.277228277E-12 6.267149923E-12 6.271504566E-12 6.277830282E-12 6.26425852E-12 6.253840203E-12 6.238030525E-12 6.246424179E-12 6.262509663E-12 6.222786415E-12 6.213013957E-12 6.244260701E-12 6.280932865E-12 
0 0 0 0 0 0 0 7.709362609E-12 6.28486122E-12 6.308773939E-12 6.297512282E-12 6.30688971E-12 6.308713431E-12 6.410518282E-12 7.340952764E-12 6.40660515E-12 6.267451248E-12 6.310542569E-12 6.254761423E-12 6.313687196E-12 6.307127126E-12 6.309517019E-12 6.325059751E-12 6.310996108E-12 6.296094026E-12 6.277729471E-12 6.284589211E-12 6.300712802E-12 6.264584796E-12 6.254328514E-12 6.287478865E-12 6.323991781E-12 
0 0 0 0 0 0 0 0 6.290832569E-12 6.313041677E-12 6.299193681E-12 6.310912521E-12 6.308264814E-12 6.327113872E-12 6.468537891E-12 7.288792688E-12 6.275034845E-12 6.314378545E-12 6.258817563E-12 6.317564299E-12 6.308552767E-12 6.31244026E-12 6.328501889E-12 6.336621995E-12 6.296930991E-12 6.281357854E-12 6.289437379E-12 6.303537643E-12 6.265066394E-12 6.257088085E-12 6.28778566E-12 6.332082103E-12 
0 0 0 0 0 0 0 0 0 7.555227662E-12 6.321169042E-12 6.302500408E-12 6.291346047E-12 6.297005371E-12 6.324914825E-12 6.282181104E-12 7.615369882E-12 6.41260229E-12 6.265242573E-12 6.310174491E-12 6.293763984E-12 6.293316111E-12 6.302262362E-12 6.290388769E-12 6.325392551E-12 6.28371645E-12 6.286721027E-12 6.296839412E-12 6.253718893E-12 6.244132507E-12 6.276685008E-12 6.314675688E-12 
0 0 0 0 0 0 0 0 0 0 7.612770814E-12 6.325080659E-12 6.296579101E-12 6.29694906E-12 6.324639161E-12 6.282304065E-12 6.409413087E-12 7.225107858E-12 6.353488855E-12 6.320724546E-12 6.297824477E-12 6.295480451E-12 6.304915593E-12 6.292071736E-12 6.297940301E-12 6.286606155E-12 6.28843487E-12 6.29853598E-12 6.256640943E-12 6.247014897E-12 6.277455094E-12 6.312395087E-12 
0 0 0 0 0 0 0 0 0 0 0 7.405812523E-12 6.339613671E-12 6.323987272E-12 6.350405015E-12 6.303490618E-12 6.312303737E-12 6.441484888E-12 7.141493551E-12 6.432478564E-12 6.332305211E-12 6.321058966E-12 6.327198181E-12 6.311618783E-12 6.314745106E-12 6.300951136E-12 6.316166009E-12 6.323687476E-12 6.280554148E-12 6.269252138E-12 6.297950065E-12 6.333920566E-12 
0 0 0 0 0 0 0 0 0 0 0 0 7.488262593E-12 6.329865787E-12 6.33576241E-12 6.291127555E-12 6.277312351E-12 6.322638124E-12 6.363451951E-12 7.201586709E-12 6.419378919E-12 6.314640376E-12 6.315899506E-12 6.297029648E-12 6.294897665E-12 6.284159106E-12 6.293925308E-12 6.314680387E-12 6.268976232E-12 6.254778272E-12 6.288292812E-12 6.320913207E-12 
0 0 0 0 0 0 0 0 0 0 0 0 0 7.512568759E-12 6.343978972E-12 6.279678293E-12 6.256240149E-12 6.293259499E-12 6.246868509E-12 6.39233007E-12 7.213861373E-12 6.395150348E-12 6.306622127E-12 6.28681652E-12 6.276900454E-12 6.263657683E-12 6.275023571E-12 6.292020435E-12 6.257917777E-12 6.24107657E-12 6.270785568E-12 6.30724004E-12 
0 0 0 0 0 0 0 0 0 0 0 0 0 0 7.476542327E-12 6.302068845E-12 6.251176658E-12 6.28990915E-12 6.242084969E-12 6.309206569E-12 6.389951431E-12 7.23441846E-12 6.40622471E-12 6.298000539E-12 6.276957999E-12 6.261682899E-12 6.27386453E-12 6.290318231E-12 6.251157892E-12 6.24628448E-12 6.27629508E-12 6.307989712E-12 
0 0 0 0 0 0 0 0 0 0 0 0 0 0 0 7.626334249E-12 6.273679636E-12 6.311027707E-12 6.254419884E-12 6.316652057E-12 6.31547094E-12 6.412280475E-12 7.18688526E-12 6.415930781E-12 6.298132344E-12 6.282185429E-12 6.291312423E-12 6.308248167E-12 6.266928075E-12 6.262813212E-12 6.298655168E-12 6.332993353E-12 
0 0 0 0 0 0 0 0 0 0 0 0 0 0 0 0 6.277980795E-12 6.314302467E-12 6.263594467E-12 6.319479368E-12 6.313925816E-12 6.32475362E-12 6.442169709E-12 7.319855078E-12 6.302557629E-12 6.287074297E-12 6.293943195E-12 6.308974993E-12 6.269495483E-12 6.265690437E-12 6.303893387E-12 6.359438776E-12 
0 0 0 0 0 0 0 0 0 0 0 0 0 0 0 0 0 7.725602043E-12 6.29040008E-12 6.317061609E-12 6.299785018E-12 6.297261517E-12 6.30508081E-12 6.290324444E-12 7.638683333E-12 6.443386121E-12 6.308016176E-12 6.306028092E-12 6.257498317E-12 6.248766135E-12 6.281680598E-12 6.315025596E-12 
0 0 0 0 0 0 0 0 0 0 0 0 0 0 0 0 0 0 7.55668382E-12 6.371823226E-12 6.339203311E-12 6.334400342E-12 6.340904426E-12 6.32866229E-12 6.425677664E-12 7.160955786E-12 6.424620341E-12 6.351155036E-12 6.297360705E-12 6.286712949E-12 6.317498224E-12 6.34813618E-12 
0 0 0 0 0 0 0 0 0 0 0 0 0 0 0 0 0 0 0 7.439884685E-12 6.317512608E-12 6.296502485E-12 6.303309539E-12 6.288648613E-12 6.303052002E-12 6.385738353E-12 7.194158716E-12 6.405584556E-12 6.267949475E-12 6.248025508E-12 6.27249196E-12 6.308424177E-12 
0 0 0 0 0 0 0 0 0 0 0 0 0 0 0 0 0 0 0 0 7.551181082E-12 6.268274188E-12 6.256553034E-12 6.23882282E-12 6.236417941E-12 6.233114879E-12 6.336568856E-12 7.192093084E-12 6.308654597E-12 6.205510371E-12 6.225917863E-12 6.262061282E-12 
0 0 0 0 0 0 0 0 0 0 0 0 0 0 0 0 0 0 0 0 0 7.429245207E-12 6.333979997E-12 6.301809018E-12 6.294143829E-12 6.281450733E-12 6.298206536E-12 6.416829713E-12 7.147111882E-12 6.362139224E-12 6.296682366E-12 6.321989085E-12 
0 0 0 0 0 0 0 0 0 0 0 0 0 0 0 0 0 0 0 0 0 0 7.514318939E-12 6.313117829E-12 6.276083565E-12 6.261981598E-12 6.274301374E-12 6.299868743E-12 6.355446861E-12 7.130849956E-12 6.377171091E-12 6.319592702E-12 
0 0 0 0 0 0 0 0 0 0 0 0 0 0 0 0 0 0 0 0 0 0 0 7.567875208E-12 6.310249499E-12 6.29653315E-12 6.30464858E-12 6.322762357E-12 6.294012465E-12 6.378589517E-12 7.182842145E-12 6.455032029E-12 
0 0 0 0 0 0 0 0 0 0 0 0 0 0 0 0 0 0 0 0 0 0 0 0 6.278012639E-12 6.263676941E-12 6.271028046E-12 6.288007744E-12 6.253333825E-12 6.253978388E-12 6.397300544E-12 7.443594383E-12 
0 0 0 0 0 0 0 0 0 0 0 0 0 0 0 0 0 0 0 0 0 0 0 0 0 7.527769036E-12 6.308026943E-12 6.288938455E-12 6.240056219E-12 6.223307668E-12 6.253991312E-12 6.291455882E-12 
0 0 0 0 0 0 0 0 0 0 0 0 0 0 0 0 0 0 0 0 0 0 0 0 0 0 7.5373185E-12 6.324266479E-12 6.249251944E-12 6.231920476E-12 6.259706322E-12 6.296833968E-12 
0 0 0 0 0 0 0 0 0 0 0 0 0 0 0 0 0 0 0 0 0 0 0 0 0 0 0 7.660878831E-12 6.255744271E-12 6.212091413E-12 6.232481345E-12 6.271832402E-12 
0 0 0 0 0 0 0 0 0 0 0 0 0 0 0 0 0 0 0 0 0 0 0 0 0 0 0 0 7.497025965E-12 6.271561157E-12 6.273095241E-12 6.30176902E-12 
0 0 0 0 0 0 0 0 0 0 0 0 0 0 0 0 0 0 0 0 0 0 0 0 0 0 0 0 0 7.550396503E-12 6.279811778E-12 6.290456832E-12 
0 0 0 0 0 0 0 0 0 0 0 0 0 0 0 0 0 0 0 0 0 0 0 0 0 0 0 0 0 0 7.466934974E-12 6.321761504E-12 
0 0 0 0 0 0 0 0 0 0 0 0 0 0 0 0 0 0 0 0 0 0 0 0 0 0 0 0 0 0 0 7.732253829E-12 
0 0 0 0 0 0 0 0 0 0 0 0 0 0 0 0 0 0 0 0 0 0 0 0 0 0 0 0 0 0 0 0 
