32 32
0 7.639790625E-12 6.33004177E-12 6.295943125E-12 6.280395284E-12 6.302120868E-12 6.275877294E-12 6.282080715E-12 7.290401761E-12 6.428899411E-12 6.305232913E-12 6.301744535E-12 6.286438773E-12 6.291491896E-12 6.319262257E-12 6.275932648E-12 6.290363408E-12 6.308710442E-12 6.249062495E-12 6.299706083E-12 6.291038664E-12 6.290336794E-12 6.299708637E-12 6.291152168E-12 6.293469482E-12 6.275974101E-12 6.281815126E-12 6.294209096E-12 6.253996492E-12 6.237552024E-12 6.272814427E-12 6.311117256E-12 
0 0 7.652628961E-12 6.351373647E-12 6.315073555E-12 6.329283843E-12 6.305649247E-12 6.307645329E-12 6.417178479E-12 7.18801203E-12 6.422837687E-12 6.355300598E-12 6.320268837E-12 6.324547176E-12 6.351232424E-12 6.30563922E-12 6.299503424E-12 6.340708448E-12 6.282673877E-12 6.332213271E-12 6.318017841E-12 6.316507989E-12 6.329372872E-12 6.315085315E-12 6.321320501E-12 6.298757344E-12 6.305472442E-12 6.322662365E-12 6.281776276E-12 6.272788946E-12 6.303687512E-12 6.335425374E-12 
0 0 0 7.50069499E-12 6.300097595E-12 6.292302394E-12 6.261783679E-12 6.263108693E-12 6.276963223E-12 6.386076626E-12 7.206333755E-12 6.429976041E-12 6.28178276E-12 6.275774268E-12 6.303005292E-12 6.260469195E-12 6.246376682E-12 6.287946055E-12 6.237509314E-12 6.292824063E-12 6.275431196E-12 6.276798177E-12 6.282726256E-12 6.269926062E-12 6.267621496E-12 6.254281445E-12 6.257793909E-12 6.277433321E-12 6.236036911E-12 6.225988593E-12 6.254906841E-12 6.291766049E-12 
0 0 0 0 7.606644775E-12 6.364612792E-12 6.309118489E-12 6.303283551E-12 6.30634829E-12 6.334650804E-12 6.427382358E-12 7.289339863E-12 6.406141008E-12 6.324515122E-12 6.346898452E-12 6.29930709E-12 6.282299127E-12 6.326743909E-12 6.270434891E-12 6.332405052E-12 6.316091236E-12 6.310696078E-12 6.325743405E-12 6.312264367E-12 6.306501695E-12 6.288151443E-12 6.297333312E-12 6.306842705E-12 6.27065734E-12 6.255618395E-12 6.291751242E-12 6.32587053E-12 
0 0 0 0 0 7.581562907E-12 6.325650822E-12 6.293984696E-12 6.279986901E-12 6.298822887E-12 6.302378299E-12 6.418012214E-12 7.210395843E-12 6.39603537E-12 6.337755219E-12 6.285434103E-12 6.261112349E-12 6.300864308E-12 6.250009781E-12 6.304874616E-12 6.304999118E-12 6.304091878E-12 6.306474317E-12 6.292871527E-12 6.290466459E-12 6.274721179E-12 6.283756979E-12 6.301492312E-12 6.260054676E-12 6.245078001E-12 6.275940717E-12 6.30887171E-12 
0 0 0 0 0 0 7.518343507E-12 6.305643217E-12 6.245371588E-12 6.269787621E-12 6.259630298E-12 6.276041112E-12 6.369832552E-12 7.131648427E-12 6.401799734E-12 6.268865234E-12 6.231655014E-12 6.270266447E-12 6.213198045E-12 6.272234045E-12 6.26515664E-12 6.274664872E-12 6.279628255E-12 6.264461368E-12 6.25414993E-12 6.238834304E-12 6.24934632E-12 6.26091215E-12 6.22523058E-12 6.214424905E-12 6.246978467E-12 6.284522515E-12 
0 0 0 0 0 0 0 7.711144391E-12 6.288690835E-12 6.310563601E-12 6.301252083E-12 6.309063383E-12 6.310272085E-12 6.415920152E-12 7.35134996E-12 6.412620762E-12 6.27001375E-12 6.312340809E-12 6.255631114E-12 6.313735918E-12 6.301436845E-12 6.308786688E-12 6.326143834E-12 6.310496561E-12 6.295065101E-12 6.279697433E-12 6.288243782E-12 6.304749444E-12 6.262419507E-12 6.252944874E-12 6.284756343E-12 6.321415028E-12 
0 0 0 0 0 0 0 0 6.289043823E-12 6.312510884E-12 6.303906886E-12 6.310722152E-12 6.307767293E-12 6.323698036E-12 6.469725415E-12 7.286979977E-12 6.276580512E-12 6.315334882E-12 6.259316051E-12 6.314625258E-12 6.306706105E-12 6.308416247E-12 6.324774429E-12 6.334063524E-12 6.298437643E-12 6.278442696E-12 6.286606041E-12 6.300055115E-12 6.264467749E-12 6.255498159E-12 6.292472137E-12 6.336025135E-12 
0 0 0 0 0 0 0 0 0 7.564361098E-12 6.315817804E-12 6.313477712E-12 6.290856384E-12 6.296160735E-12 6.323108394E-12 6.284519408E-12 7.302574329E-12 6.428926107E-12 6.264434373E-12 6.307206065E-12 6.295327538E-12 6.291885627E-12 6.301046954E-12 6.291456216E-12 6.319289099E-12 6.285013293E-12 6.286921162E-12 6.300358815E-12 6.259709832E-12 6.246640235E-12 6.279979398E-12 6.312344861E-12 
0 0 0 0 0 0 0 0 0 0 7.547980774E-12 6.431101613E-12 6.295385738E-12 6.296353687E-12 6.326716478E-12 6.285739915E-12 6.377646479E-12 7.230898954E-12 6.348210012E-12 6.319354935E-12 6.298905777E-12 6.299347168E-12 6.304717487E-12 6.292684896E-12 6.299319928E-12 6.290419763E-12 6.28832449E-12 6.301112725E-12 6.259514797E-12 6.247695571E-12 6.274148669E-12 6.311860021E-12 
0 0 0 0 0 0 0 0 0 0 0 1.401171526E-11 6.376242605E-12 6.326854861E-12 6.353133698E-12 6.308895957E-12 6.303626913E-12 6.433123466E-12 7.120366015E-12 6.449979896E-12 6.340861646E-12 6.322741964E-12 6.32745809E-12 6.314323751E-12 6.31474946E-12 6.300241438E-12 6.315437886E-12 6.327286059E-12 6.278813024E-12 6.268564503E-12 6.301429147E-12 6.338495849E-12 
0 0 0 0 0 0 0 0 0 0 0 0 7.474034699E-12 6.32916197E-12 6.34168428E-12 6.293742173E-12 6.283548182E-12 6.347658221E-12 6.411835363E-12 7.210927612E-12 6.421764224E-12 6.31871339E-12 6.31363636E-12 6.302605423E-12 6.300570787E-12 6.291635979E-12 6.301904557E-12 6.31912449E-12 6.273497533E-12 6.258334178E-12 6.283584024E-12 6.317846593E-12 
0 0 0 0 0 0 0 0 0 0 0 0 0 7.510611465E-12 6.338877095E-12 6.277999661E-12 6.254282842E-12 6.296259947E-12 6.249155887E-12 6.393268004E-12 7.213136081E-12 6.389890516E-12 6.306576641E-12 6.288366445E-12 6.279501939E-12 6.261678477E-12 6.274298585E-12 6.293017195E-12 6.2564635E-12 6.242413455E-12 6.270451857E-12 6.3025936E-12 
0 0 0 0 0 0 0 0 0 0 0 0 0 0 7.479534427E-12 6.303542435E-12 6.252755215E-12 6.289659774E-12 6.23663884E-12 6.306471053E-12 6.386228682E-12 7.235460175E-12 6.408559812E-12 6.300146043E-12 6.274457589E-12 6.264018265E-12 6.272673953E-12 6.289901315E-12 6.255988278E-12 6.249888007E-12 6.274835453E-12 6.306028883E-12 
0 0 0 0 0 0 0 0 0 0 0 0 0 0 0 7.624499455E-12 6.274659021E-12 6.313532969E-12 6.258233802E-12 6.31979554E-12 6.318861337E-12 6.413892685E-12 7.18875969E-12 6.417855366E-12 6.295321711E-12 6.279572011E-12 6.291464067E-12 6.30556022E-12 6.269172854E-12 6.261738887E-12 6.302621448E-12 6.335537827E-12 
0 0 0 0 0 0 0 0 0 0 0 0 0 0 0 0 6.275420168E-12 6.316050439E-12 6.264057292E-12 6.321530993E-12 6.313568788E-12 6.323728877E-12 6.445263504E-12 7.322328113E-12 6.301122931E-12 6.285236433E-12 6.29403674E-12 6.308703253E-12 6.270668276E-12 6.26368402E-12 6.3070185E-12 6.360655538E-12 
0 0 0 0 0 0 0 0 0 0 0 0 0 0 0 0 0 7.559047875E-12 6.279962595E-12 6.309093951E-12 6.291884801E-12 6.291358354E-12 6.304900027E-12 6.287891803E-12 7.31778995E-12 6.398889461E-12 6.302363574E-12 6.299856774E-12 6.258679148E-12 6.244079422E-12 6.278468344E-12 6.31273889E-12 
0 0 0 0 0 0 0 0 0 0 0 0 0 0 0 0 0 0 7.554813242E-12 6.370008174E-12 6.335393712E-12 6.332407535E-12 6.342153213E-12 6.331070029E-12 6.441031196E-12 7.17422677E-12 6.427920583E-12 6.350710762E-12 6.297158282E-12 6.279686396E-12 6.313768766E-12 6.354610623E-12 
0 0 0 0 0 0 0 0 0 0 0 0 0 0 0 0 0 0 0 7.434865426E-12 6.321515234E-12 6.300375572E-12 6.301713987E-12 6.288575098E-12 6.302999694E-12 6.388152611E-12 7.196816338E-12 6.407596658E-12 6.272946942E-12 6.251600423E-12 6.275839805E-12 6.312643647E-12 
0 0 0 0 0 0 0 0 0 0 0 0 0 0 0 0 0 0 0 0 7.551570547E-12 6.268270037E-12 6.254515488E-12 6.241992948E-12 6.237914756E-12 6.238111499E-12 6.335636328E-12 7.192869785E-12 6.309444052E-12 6.20720208E-12 6.227559899E-12 6.26334955E-12 
0 0 0 0 0 0 0 0 0 0 0 0 0 0 0 0 0 0 0 0 0 7.434116802E-12 6.331086784E-12 6.304052801E-12 6.292167137E-12 6.280942365E-12 6.299136763E-12 6.413450921E-12 7.141204516E-12 6.362251632E-12 6.300086857E-12 6.326287534E-12 
0 0 0 0 0 0 0 0 0 0 0 0 0 0 0 0 0 0 0 0 0 0 7.515674066E-12 6.317446234E-12 6.275963056E-12 6.263165039E-12 6.273474155E-12 6.304790096E-12 6.354283888E-12 7.135281781E-12 6.382516846E-12 6.320950237E-12 
0 0 0 0 0 0 0 0 0 0 0 0 0 0 0 0 0 0 0 0 0 0 0 7.567535865E-12 6.310152567E-12 6.295765877E-12 6.303675849E-12 6.330234319E-12 6.300127351E-12 6.382782735E-12 7.184112481E-12 6.456939789E-12 
0 0 0 0 0 0 0 0 0 0 0 0 0 0 0 0 0 0 0 0 0 0 0 0 6.276305012E-12 6.267324513E-12 6.268051396E-12 6.289584066E-12 6.252759732E-12 6.254348806E-12 6.400973185E-12 7.441581336E-12 
0 0 0 0 0 0 0 0 0 0 0 0 0 0 0 0 0 0 0 0 0 0 0 0 0 7.540346114E-12 6.307702038E-12 6.283200752E-12 6.239334225E-12 6.227725558E-12 6.253068753E-12 6.289022145E-12 
0 0 0 0 0 0 0 0 0 0 0 0 0 0 0 0 0 0 0 0 0 0 0 0 0 0 7.538609378E-12 6.322940791E-12 6.247422966E-12 6.232910913E-12 6.258735753E-12 6.292003658E-12 
0 0 0 0 0 0 0 0 0 0 0 0 0 0 0 0 0 0 0 0 0 0 0 0 0 0 0 7.658770616E-12 6.254758737E-12 6.207826709E-12 6.237342336E-12 6.271716756E-12 
0 0 0 0 0 0 0 0 0 0 0 0 0 0 0 0 0 0 0 0 0 0 0 0 0 0 0 0 7.49835249E-12 6.269371961E-12 6.276758896E-12 6.299960912E-12 
0 0 0 0 0 0 0 0 0 0 0 0 0 0 0 0 0 0 0 0 0 0 0 0 0 0 0 0 0 7.547668534E-12 6.284725998E-12 6.294066967E-12 
0 0 0 0 0 0 0 0 0 0 0 0 0 0 0 0 0 0 0 0 0 0 0 0 0 0 0 0 0 0 7.465590072E-12 6.318754253E-12 
0 0 0 0 0 0 0 0 0 0 0 0 0 0 0 0 0 0 0 0 0 0 0 0 0 0 0 0 0 0 0 7.725819768E-12 
0 0 0 0 0 0 0 0 0 0 0 0 0 0 0 0 0 0 0 0 0 0 0 0 0 0 0 0 0 0 0 0 
