32 32
0 1.518782428E-11 6.350746238E-12 6.281174543E-12 6.26396851E-12 6.283320332E-12 6.261629425E-12 6.263981211E-12 7.223493412E-12 6.417024895E-12 6.2938537E-12 6.285796368E-12 6.271111902E-12 6.27645459E-12 6.304859045E-12 6.260200271E-12 6.274156323E-12 6.294229874E-12 6.236008177E-12 6.28919862E-12 6.276190908E-12 6.27430285E-12 6.28261092E-12 6.271676444E-12 6.279359254E-12 6.256740966E-12 6.26329283E-12 6.275503934E-12 6.233712716E-12 6.222658757E-12 6.256183354E-12 6.292136948E-12 
0 0 7.621670824E-12 6.340128184E-12 6.300907067E-12 6.315513047E-12 6.292657267E-12 6.292682692E-12 6.476078385E-12 7.191081155E-12 6.422055582E-12 6.322669016E-12 6.303998378E-12 6.306048524E-12 6.33335831E-12 6.293904352E-12 6.29315326E-12 6.33025139E-12 6.267181626E-12 6.317782983E-12 6.305530146E-12 6.304272231E-12 6.315108808E-12 6.297686809E-12 6.303229957E-12 6.285394193E-12 6.291870471E-12 6.307679114E-12 6.265331107E-12 6.252736157E-12 6.283602162E-12 6.322498418E-12 
0 0 0 7.480675047E-12 6.280360219E-12 6.272457149E-12 6.245044623E-12 6.246001828E-12 6.259585973E-12 6.365120603E-12 7.210942869E-12 6.367297279E-12 6.26698636E-12 6.259837127E-12 6.285537631E-12 6.243839052E-12 6.230416114E-12 6.270976713E-12 6.218260951E-12 6.270940788E-12 6.256750823E-12 6.254735987E-12 6.26304116E-12 6.251637873E-12 6.253052868E-12 6.238217446E-12 6.244019109E-12 6.258347518E-12 6.217491883E-12 6.205342803E-12 6.236738047E-12 6.27409116E-12 
0 0 0 0 7.579473254E-12 6.34532411E-12 6.29453995E-12 6.292124702E-12 6.287360899E-12 6.317271612E-12 6.403931864E-12 7.261626082E-12 6.389994793E-12 6.30974864E-12 6.32821741E-12 6.28224615E-12 6.264646526E-12 6.307141457E-12 6.254205293E-12 6.316111644E-12 6.301342584E-12 6.298976283E-12 6.304464498E-12 6.291172025E-12 6.289187665E-12 6.272118562E-12 6.281789574E-12 6.298025637E-12 6.257667157E-12 6.247238482E-12 6.274780363E-12 6.312894679E-12 
0 0 0 0 0 7.557027144E-12 6.309119361E-12 6.284275965E-12 6.264350252E-12 6.28934632E-12 6.289435292E-12 6.402038832E-12 7.188563555E-12 6.382778875E-12 6.323323262E-12 6.272765359E-12 6.247306356E-12 6.287735353E-12 6.234367656E-12 6.29421631E-12 6.286962155E-12 6.284371115E-12 6.2901612E-12 6.277027849E-12 6.26987179E-12 6.256302676E-12 6.263602316E-12 6.278543161E-12 6.239514805E-12 6.230399659E-12 6.259590186E-12 6.296336208E-12 
0 0 0 0 0 0 7.496173888E-12 6.289685678E-12 6.227820724E-12 6.250099953E-12 6.242305804E-12 6.2603482E-12 6.355316534E-12 7.109336435E-12 6.384234903E-12 6.2512066E-12 6.214222355E-12 6.253059259E-12 6.199035534E-12 6.256778083E-12 6.251040894E-12 6.256799919E-12 6.260004891E-12 6.247447186E-12 6.238957104E-12 6.222212997E-12 6.230466015E-12 6.245028186E-12 6.204288982E-12 6.194974107E-12 6.225522542E-12 6.264023399E-12 
0 0 0 0 0 0 0 7.680769705E-12 6.266852707E-12 6.290699761E-12 6.282481696E-12 6.291232137E-12 6.29715312E-12 6.396235053E-12 7.324210337E-12 6.393832396E-12 6.25453942E-12 6.291333968E-12 6.237968148E-12 6.296196992E-12 6.287117181E-12 6.292636639E-12 6.309036664E-12 6.29352697E-12 6.279473737E-12 6.262889366E-12 6.271922432E-12 6.284712986E-12 6.24379767E-12 6.237521329E-12 6.269545463E-12 6.308279749E-12 
0 0 0 0 0 0 0 0 6.2724077E-12 6.295163535E-12 6.28446493E-12 6.291751458E-12 6.289633963E-12 6.309872334E-12 6.451163704E-12 7.26465752E-12 6.255788487E-12 6.296557287E-12 6.241650822E-12 6.299039424E-12 6.289497394E-12 6.294267541E-12 6.30855311E-12 6.319034716E-12 6.282340599E-12 6.267172109E-12 6.274649228E-12 6.29076551E-12 6.249667312E-12 6.242793828E-12 6.275153559E-12 6.319507282E-12 
0 0 0 0 0 0 0 0 0 7.539726786E-12 6.305467896E-12 6.288842851E-12 6.274947237E-12 6.279175189E-12 6.308508253E-12 6.267341483E-12 7.283137598E-12 6.408124238E-12 6.24791188E-12 6.293785815E-12 6.277648999E-12 6.277129701E-12 6.284925468E-12 6.27410657E-12 6.303525683E-12 6.269085824E-12 6.270712868E-12 6.285109077E-12 6.242482911E-12 6.228542949E-12 6.260804177E-12 6.29640531E-12 
0 0 0 0 0 0 0 0 0 0 7.586125494E-12 6.30802858E-12 6.278290112E-12 6.281966933E-12 6.307557672E-12 6.266435708E-12 6.359475878E-12 7.210463252E-12 6.336270012E-12 6.302438421E-12 6.280784654E-12 6.278178593E-12 6.28597051E-12 6.27321116E-12 6.281832802E-12 6.266412867E-12 6.270441292E-12 6.280689159E-12 6.236417235E-12 6.224858051E-12 6.256848755E-12 6.2931019E-12 
0 0 0 0 0 0 0 0 0 0 0 7.380457568E-12 6.318980724E-12 6.304170182E-12 6.328939122E-12 6.285722325E-12 6.284265788E-12 6.421601542E-12 7.115869196E-12 6.413034686E-12 6.312776333E-12 6.300196098E-12 6.305669361E-12 6.292342056E-12 6.2958715E-12 6.284678707E-12 6.29978936E-12 6.306717627E-12 6.264085357E-12 6.251194597E-12 6.281040682E-12 6.316995766E-12 
0 0 0 0 0 0 0 0 0 0 0 0 7.462937759E-12 6.313789576E-12 6.323589875E-12 6.276148242E-12 6.259472973E-12 6.308708359E-12 6.346341524E-12 7.181091963E-12 6.402084128E-12 6.299328406E-12 6.299272232E-12 6.283013682E-12 6.281629917E-12 6.267935131E-12 6.279312779E-12 6.29912025E-12 6.253744685E-12 6.240048649E-12 6.265705478E-12 6.303420416E-12 
0 0 0 0 0 0 0 0 0 0 0 0 0 7.487057203E-12 6.326063093E-12 6.265045333E-12 6.239400788E-12 6.280845102E-12 6.236342173E-12 6.377998734E-12 7.192193482E-12 6.375937769E-12 6.291399036E-12 6.270050663E-12 6.26226297E-12 6.248261902E-12 6.258435683E-12 6.276622241E-12 6.241438774E-12 6.226335277E-12 6.254410156E-12 6.289663555E-12 
0 0 0 0 0 0 0 0 0 0 0 0 0 0 7.454415249E-12 6.288286892E-12 6.236529378E-12 6.278611995E-12 6.224824309E-12 6.292504992E-12 6.3725938E-12 7.211438911E-12 6.388353129E-12 6.282037549E-12 6.260558393E-12 6.245642583E-12 6.255062199E-12 6.272463448E-12 6.235678267E-12 6.230231576E-12 6.257527764E-12 6.292068844E-12 
0 0 0 0 0 0 0 0 0 0 0 0 0 0 0 7.601714868E-12 6.256446073E-12 6.296634929E-12 6.242164768E-12 6.300428205E-12 6.301649699E-12 6.39486215E-12 7.164749269E-12 6.397805852E-12 6.279866638E-12 6.266571424E-12 6.274510384E-12 6.289449587E-12 6.251760912E-12 6.246309261E-12 6.282271236E-12 6.318720339E-12 
0 0 0 0 0 0 0 0 0 0 0 0 0 0 0 0 6.26024988E-12 6.301506195E-12 6.246522077E-12 6.302725936E-12 6.296491602E-12 6.306647677E-12 6.424216799E-12 7.299839487E-12 6.284561403E-12 6.269882767E-12 6.277230066E-12 6.29606723E-12 6.256342855E-12 6.249491731E-12 6.284646254E-12 6.346014467E-12 
0 0 0 0 0 0 0 0 0 0 0 0 0 0 0 0 0 7.537024364E-12 6.266502903E-12 6.295132659E-12 6.279054362E-12 6.277452914E-12 6.288536581E-12 6.27772124E-12 7.2910783E-12 6.382582516E-12 6.28670746E-12 6.287811674E-12 6.241468124E-12 6.231400486E-12 6.259465084E-12 6.29532953E-12 
0 0 0 0 0 0 0 0 0 0 0 0 0 0 0 0 0 0 7.534435294E-12 6.353917805E-12 6.322583428E-12 6.313940629E-12 6.324564088E-12 6.310375447E-12 6.423144372E-12 7.146752189E-12 6.406652842E-12 6.332318377E-12 6.280637864E-12 6.268578843E-12 6.296937707E-12 6.33364422E-12 
0 0 0 0 0 0 0 0 0 0 0 0 0 0 0 0 0 0 0 7.418982159E-12 6.303553141E-12 6.282332645E-12 6.286582889E-12 6.272279918E-12 6.289142039E-12 6.372415744E-12 7.177554094E-12 6.394033457E-12 6.251400409E-12 6.231107353E-12 6.25907385E-12 6.296540445E-12 
0 0 0 0 0 0 0 0 0 0 0 0 0 0 0 0 0 0 0 0 7.52926385E-12 6.253991532E-12 6.240893015E-12 6.225225345E-12 6.227597879E-12 6.219844718E-12 6.322553533E-12 7.170916108E-12 6.294024308E-12 6.191750566E-12 6.213390566E-12 6.246436873E-12 
0 0 0 0 0 0 0 0 0 0 0 0 0 0 0 0 0 0 0 0 0 7.409655491E-12 6.31655094E-12 6.286357642E-12 6.275465069E-12 6.262954715E-12 6.280706768E-12 6.39614821E-12 7.123777483E-12 6.346059697E-12 6.280113932E-12 6.306092587E-12 
0 0 0 0 0 0 0 0 0 0 0 0 0 0 0 0 0 0 0 0 0 0 7.486857943E-12 6.296459589E-12 6.263757897E-12 6.246941731E-12 6.259785897E-12 6.284694229E-12 6.339753169E-12 7.109841164E-12 6.365899207E-12 6.308392407E-12 
0 0 0 0 0 0 0 0 0 0 0 0 0 0 0 0 0 0 0 0 0 0 0 7.546422106E-12 6.29605159E-12 6.280305801E-12 6.289272798E-12 6.310035667E-12 6.278877219E-12 6.361710349E-12 7.166644087E-12 6.440559606E-12 
0 0 0 0 0 0 0 0 0 0 0 0 0 0 0 0 0 0 0 0 0 0 0 0 6.262228662E-12 6.247778125E-12 6.256569179E-12 6.27354382E-12 6.235918757E-12 6.238310664E-12 6.38107276E-12 7.419866007E-12 
0 0 0 0 0 0 0 0 0 0 0 0 0 0 0 0 0 0 0 0 0 0 0 0 0 7.51753118E-12 6.290500889E-12 6.272341825E-12 6.224621204E-12 6.209828597E-12 6.236837386E-12 6.272201291E-12 
0 0 0 0 0 0 0 0 0 0 0 0 0 0 0 0 0 0 0 0 0 0 0 0 0 0 7.514129684E-12 6.309362932E-12 6.235873693E-12 6.217339796E-12 6.242072061E-12 6.27883038E-12 
0 0 0 0 0 0 0 0 0 0 0 0 0 0 0 0 0 0 0 0 0 0 0 0 0 0 0 7.634895449E-12 6.234142824E-12 6.194214928E-12 6.218266332E-12 6.251166835E-12 
0 0 0 0 0 0 0 0 0 0 0 0 0 0 0 0 0 0 0 0 0 0 0 0 0 0 0 0 7.471517075E-12 6.259183698E-12 6.259326521E-12 6.289002602E-12 
0 0 0 0 0 0 0 0 0 0 0 0 0 0 0 0 0 0 0 0 0 0 0 0 0 0 0 0 0 7.528143616E-12 6.265820319E-12 6.275259697E-12 
0 0 0 0 0 0 0 0 0 0 0 0 0 0 0 0 0 0 0 0 0 0 0 0 0 0 0 0 0 0 7.448400746E-12 6.307461785E-12 
0 0 0 0 0 0 0 0 0 0 0 0 0 0 0 0 0 0 0 0 0 0 0 0 0 0 0 0 0 0 0 7.709551264E-12 
0 0 0 0 0 0 0 0 0 0 0 0 0 0 0 0 0 0 0 0 0 0 0 0 0 0 0 0 0 0 0 0 
