32 32
0 2.299842182E-11 6.125509715E-12 6.115128668E-12 6.103478488E-12 6.125732799E-12 6.103536676E-12 6.108128508E-12 7.022252863E-12 6.210646603E-12 6.123051334E-12 6.122869601E-12 6.115403864E-12 6.119945942E-12 6.14758319E-12 6.107451672E-12 6.113195261E-12 6.13389985E-12 6.076778848E-12 6.128719956E-12 6.117360262E-12 6.118201118E-12 6.127159202E-12 6.115410787E-12 6.119471525E-12 6.098921329E-12 6.104990556E-12 6.1202605E-12 6.078521557E-12 6.069001243E-12 6.100429227E-12 6.136720041E-12 
0 0 7.586189345E-12 6.200748213E-12 6.149942168E-12 6.163637161E-12 6.139912054E-12 6.141494343E-12 6.381560076E-12 7.097464522E-12 6.286026849E-12 6.172456399E-12 6.149875408E-12 6.151329313E-12 6.178503554E-12 6.135903425E-12 6.14553745E-12 6.181904667E-12 6.116450932E-12 6.167214368E-12 6.151143251E-12 6.149718403E-12 6.159484237E-12 6.146834494E-12 6.152865944E-12 6.132613563E-12 6.138808519E-12 6.151318258E-12 6.109653405E-12 6.098394672E-12 6.129272086E-12 6.164697781E-12 
0 0 0 7.329044157E-12 6.127177446E-12 6.119829259E-12 6.091389725E-12 6.09226658E-12 6.103455123E-12 6.20804573E-12 7.055074188E-12 6.210357756E-12 6.110883282E-12 6.106084351E-12 6.132476652E-12 6.090501561E-12 6.076637852E-12 6.116398934E-12 6.066019193E-12 6.117129635E-12 6.104485847E-12 6.102589935E-12 6.110751041E-12 6.097975762E-12 6.095623054E-12 6.080288711E-12 6.087139032E-12 6.102474004E-12 6.061894009E-12 6.051868217E-12 6.082082069E-12 6.117173148E-12 
0 0 0 0 7.426476583E-12 6.191229305E-12 6.138168166E-12 6.134483249E-12 6.130110327E-12 6.160305092E-12 6.244767604E-12 7.10569385E-12 6.236487487E-12 6.157180314E-12 6.175394797E-12 6.130421101E-12 6.110838003E-12 6.152239849E-12 6.10135834E-12 6.161274295E-12 6.146488366E-12 6.144903408E-12 6.151994505E-12 6.138281154E-12 6.134615976E-12 6.119579744E-12 6.128908569E-12 6.143095676E-12 6.101202613E-12 6.090479186E-12 6.122245819E-12 6.15858379E-12 
0 0 0 0 0 7.406936134E-12 6.154644722E-12 6.129381374E-12 6.110381505E-12 6.13303788E-12 6.132412767E-12 6.247564346E-12 7.037349386E-12 6.225943274E-12 6.167613228E-12 6.116433663E-12 6.093627216E-12 6.129963262E-12 6.077823641E-12 6.140227028E-12 6.133454317E-12 6.129123017E-12 6.137792833E-12 6.121018938E-12 6.115739053E-12 6.100899552E-12 6.108413269E-12 6.125251193E-12 6.082847784E-12 6.074192604E-12 6.104226258E-12 6.139846749E-12 
0 0 0 0 0 0 7.343042798E-12 6.13419329E-12 6.073300297E-12 6.095458699E-12 6.087601315E-12 6.106274615E-12 6.199873105E-12 6.955923204E-12 6.230859521E-12 6.097656691E-12 6.058945719E-12 6.095282229E-12 6.044141671E-12 6.102566831E-12 6.094766175E-12 6.100220453E-12 6.104882856E-12 6.091804839E-12 6.080525925E-12 6.06557727E-12 6.074734883E-12 6.09221973E-12 6.049575493E-12 6.03939753E-12 6.070012901E-12 6.109102038E-12 
0 0 0 0 0 0 0 7.533155844E-12 6.115835939E-12 6.137710758E-12 6.128280328E-12 6.137650199E-12 6.141909953E-12 6.243641569E-12 7.173136601E-12 6.239800853E-12 6.097729141E-12 6.138084712E-12 6.084582633E-12 6.140677359E-12 6.132445862E-12 6.137830418E-12 6.153072586E-12 6.13949519E-12 6.123416643E-12 6.108032546E-12 6.116616754E-12 6.132033906E-12 6.092000057E-12 6.081194186E-12 6.114327976E-12 6.15204185E-12 
0 0 0 0 0 0 0 0 6.117320781E-12 6.140922132E-12 6.129323307E-12 6.139192161E-12 6.137318526E-12 6.156957574E-12 6.297022444E-12 7.111536146E-12 6.103528881E-12 6.14249715E-12 6.088288491E-12 6.145288858E-12 6.135990766E-12 6.140298412E-12 6.155223811E-12 6.164401649E-12 6.127453866E-12 6.113458317E-12 6.119884104E-12 6.134633786E-12 6.097527438E-12 6.088462663E-12 6.119960033E-12 6.162786985E-12 
0 0 0 0 0 0 0 0 0 7.389552372E-12 6.151596418E-12 6.132634208E-12 6.121900554E-12 6.126037777E-12 6.154337993E-12 6.110912056E-12 7.140248201E-12 6.25688444E-12 6.093153696E-12 6.138665763E-12 6.122851228E-12 6.12117276E-12 6.132065349E-12 6.119276786E-12 6.148826177E-12 6.114378877E-12 6.116548541E-12 6.12625731E-12 6.085429577E-12 6.076479311E-12 6.10597173E-12 6.141158945E-12 
0 0 0 0 0 0 0 0 0 0 7.436001522E-12 6.153750261E-12 6.123589508E-12 6.12423181E-12 6.152707146E-12 6.111168127E-12 6.204889131E-12 7.059377507E-12 6.182281483E-12 6.146891672E-12 6.127049211E-12 6.123841181E-12 6.132862763E-12 6.120257536E-12 6.127689891E-12 6.115714404E-12 6.118574473E-12 6.129388369E-12 6.08504431E-12 6.073446352E-12 6.104397758E-12 6.141610334E-12 
0 0 0 0 0 0 0 0 0 0 0 7.229619579E-12 6.168526176E-12 6.152189204E-12 6.178327399E-12 6.1352056E-12 6.133682257E-12 6.26997356E-12 6.96806903E-12 6.263623564E-12 6.159992109E-12 6.149589849E-12 6.15519667E-12 6.142548848E-12 6.145973236E-12 6.134326314E-12 6.145762788E-12 6.155264319E-12 6.110168271E-12 6.099997473E-12 6.12944728E-12 6.163177892E-12 
0 0 0 0 0 0 0 0 0 0 0 0 7.310678263E-12 6.159438333E-12 6.16755884E-12 6.119860989E-12 6.105177283E-12 6.153006035E-12 6.191188852E-12 7.026713791E-12 6.246422094E-12 6.143505551E-12 6.142628199E-12 6.128631257E-12 6.126926117E-12 6.11347907E-12 6.123159932E-12 6.143188189E-12 6.097475141E-12 6.085003207E-12 6.112461022E-12 6.148056591E-12 
0 0 0 0 0 0 0 0 0 0 0 0 0 7.334530468E-12 6.171411281E-12 6.108762245E-12 6.082958123E-12 6.125175628E-12 6.080413203E-12 6.222521905E-12 7.042053303E-12 6.219450414E-12 6.134578143E-12 6.115607851E-12 6.10842868E-12 6.092938757E-12 6.102670499E-12 6.122379E-12 6.086257681E-12 6.07062381E-12 6.097767964E-12 6.132976157E-12 
0 0 0 0 0 0 0 0 0 0 0 0 0 0 7.301634731E-12 6.131974437E-12 6.082269682E-12 6.120342298E-12 6.069981318E-12 6.135112695E-12 6.217206693E-12 7.058325275E-12 6.231867765E-12 6.126163314E-12 6.104894577E-12 6.090262309E-12 6.100293734E-12 6.116308706E-12 6.078963949E-12 6.075204109E-12 6.100589963E-12 6.134640881E-12 
0 0 0 0 0 0 0 0 0 0 0 0 0 0 0 7.446100069E-12 6.09802885E-12 6.138191195E-12 6.082264666E-12 6.142169021E-12 6.142017044E-12 6.236378243E-12 7.00596286E-12 6.238747567E-12 6.121416635E-12 6.107126083E-12 6.117384499E-12 6.133301982E-12 6.09618144E-12 6.090567816E-12 6.127337007E-12 6.163619327E-12 
0 0 0 0 0 0 0 0 0 0 0 0 0 0 0 0 6.105691092E-12 6.144227175E-12 6.089598059E-12 6.147451475E-12 6.13948391E-12 6.153457512E-12 6.271656211E-12 7.145216808E-12 6.129856202E-12 6.113944186E-12 6.122599748E-12 6.136920726E-12 6.098957839E-12 6.09205468E-12 6.126389072E-12 6.189424216E-12 
0 0 0 0 0 0 0 0 0 0 0 0 0 0 0 0 0 7.38842383E-12 6.110547579E-12 6.142251868E-12 6.125318751E-12 6.124697376E-12 6.131312589E-12 6.119573151E-12 7.137163465E-12 6.226259137E-12 6.129187108E-12 6.131888608E-12 6.085429768E-12 6.075044922E-12 6.102918429E-12 6.139686733E-12 
0 0 0 0 0 0 0 0 0 0 0 0 0 0 0 0 0 0 7.382830571E-12 6.198880247E-12 6.16579718E-12 6.162064918E-12 6.170052416E-12 6.15795433E-12 6.268378525E-12 6.995213134E-12 6.254515153E-12 6.178899143E-12 6.12705258E-12 6.111247133E-12 6.141993359E-12 6.177468278E-12 
0 0 0 0 0 0 0 0 0 0 0 0 0 0 0 0 0 0 0 7.263824781E-12 6.147099682E-12 6.125552941E-12 6.131119361E-12 6.117852262E-12 6.132354081E-12 6.217982827E-12 7.023979759E-12 6.237802114E-12 6.097016097E-12 6.076070806E-12 6.104194337E-12 6.139408729E-12 
0 0 0 0 0 0 0 0 0 0 0 0 0 0 0 0 0 0 0 0 7.376578777E-12 6.097500179E-12 6.085631488E-12 6.067470259E-12 6.07058226E-12 6.066293117E-12 6.167674626E-12 7.018880675E-12 6.137515862E-12 6.036263234E-12 6.056591002E-12 6.087303653E-12 
0 0 0 0 0 0 0 0 0 0 0 0 0 0 0 0 0 0 0 0 0 7.249308431E-12 6.158722209E-12 6.1261778E-12 6.119551404E-12 6.105378883E-12 6.122856289E-12 6.238288361E-12 6.969843768E-12 6.190780188E-12 6.125367912E-12 6.149750063E-12 
0 0 0 0 0 0 0 0 0 0 0 0 0 0 0 0 0 0 0 0 0 0 7.333726444E-12 6.14177825E-12 6.107925878E-12 6.095106513E-12 6.106771767E-12 6.130859196E-12 6.186390997E-12 6.95844631E-12 6.20958079E-12 6.151415291E-12 
0 0 0 0 0 0 0 0 0 0 0 0 0 0 0 0 0 0 0 0 0 0 0 7.391840477E-12 6.140048588E-12 6.1261009E-12 6.134332768E-12 6.152538016E-12 6.123891054E-12 6.206639634E-12 7.010921614E-12 6.284357913E-12 
0 0 0 0 0 0 0 0 0 0 0 0 0 0 0 0 0 0 0 0 0 0 0 0 6.106848621E-12 6.091838428E-12 6.10005981E-12 6.116727023E-12 6.081779763E-12 6.082138254E-12 6.223543884E-12 7.263634838E-12 
0 0 0 0 0 0 0 0 0 0 0 0 0 0 0 0 0 0 0 0 0 0 0 0 0 7.366420261E-12 6.136987947E-12 6.118085434E-12 6.067018517E-12 6.05341537E-12 6.082979399E-12 6.118605956E-12 
0 0 0 0 0 0 0 0 0 0 0 0 0 0 0 0 0 0 0 0 0 0 0 0 0 0 7.360986661E-12 6.15323062E-12 6.079191244E-12 6.061226827E-12 6.0891069E-12 6.126160213E-12 
0 0 0 0 0 0 0 0 0 0 0 0 0 0 0 0 0 0 0 0 0 0 0 0 0 0 0 7.486295879E-12 6.081781512E-12 6.039719508E-12 6.063068178E-12 6.098480493E-12 
0 0 0 0 0 0 0 0 0 0 0 0 0 0 0 0 0 0 0 0 0 0 0 0 0 0 0 0 7.323278255E-12 6.10424995E-12 6.104391364E-12 6.134969262E-12 
0 0 0 0 0 0 0 0 0 0 0 0 0 0 0 0 0 0 0 0 0 0 0 0 0 0 0 0 0 7.376155675E-12 6.110318848E-12 6.119463646E-12 
0 0 0 0 0 0 0 0 0 0 0 0 0 0 0 0 0 0 0 0 0 0 0 0 0 0 0 0 0 0 7.287532381E-12 6.147014387E-12 
0 0 0 0 0 0 0 0 0 0 0 0 0 0 0 0 0 0 0 0 0 0 0 0 0 0 0 0 0 0 0 7.548499334E-12 
0 0 0 0 0 0 0 0 0 0 0 0 0 0 0 0 0 0 0 0 0 0 0 0 0 0 0 0 0 0 0 0 
