32 32
0 7.641932553E-12 6.32855E-12 6.296421977E-12 6.278487825E-12 6.297777279E-12 6.275498801E-12 6.27806261E-12 7.287322936E-12 6.426349895E-12 6.306285733E-12 6.299068128E-12 6.285238345E-12 6.291035181E-12 6.320238082E-12 6.276498163E-12 6.291496011E-12 6.30780143E-12 6.24933364E-12 6.299314274E-12 6.28805745E-12 6.288218595E-12 6.298208852E-12 6.286649576E-12 6.29525935E-12 6.270014583E-12 6.279434293E-12 6.294843606E-12 6.252542271E-12 6.240739151E-12 6.272160256E-12 6.305206155E-12 
0 0 7.654603268E-12 6.355179688E-12 6.312953449E-12 6.325540353E-12 6.304196854E-12 6.305606705E-12 6.417695937E-12 7.191434241E-12 6.436257455E-12 6.33837598E-12 6.32071928E-12 6.321499401E-12 6.351495741E-12 6.306284199E-12 6.297764829E-12 6.341161309E-12 6.283545554E-12 6.332472098E-12 6.322517564E-12 6.319110401E-12 6.328152235E-12 6.316764188E-12 6.31856E-12 6.298138207E-12 6.305973364E-12 6.321730654E-12 6.27961028E-12 6.267108135E-12 6.300819789E-12 6.336734313E-12 
0 0 0 7.506521296E-12 6.297893152E-12 6.289654561E-12 6.261787699E-12 6.261507313E-12 6.277187837E-12 6.37874181E-12 7.230602815E-12 6.378827916E-12 6.277796221E-12 6.274634488E-12 6.298910388E-12 6.256021727E-12 6.24436524E-12 6.283100689E-12 6.241315471E-12 6.281751284E-12 6.269886091E-12 6.271498592E-12 6.280360859E-12 6.264269744E-12 6.264609801E-12 6.251176784E-12 6.257887491E-12 6.272432901E-12 6.230528807E-12 6.220357939E-12 6.250276151E-12 6.288224773E-12 
0 0 0 0 7.60544661E-12 6.362452103E-12 6.308519672E-12 6.306936715E-12 6.301784158E-12 6.333458305E-12 6.422318066E-12 7.280755033E-12 6.406762411E-12 6.327295176E-12 6.346431686E-12 6.299520727E-12 6.280861745E-12 6.322603156E-12 6.274346322E-12 6.331071793E-12 6.319400858E-12 6.31399036E-12 6.322203779E-12 6.308990391E-12 6.305940707E-12 6.291030017E-12 6.298813151E-12 6.314231798E-12 6.272161268E-12 6.2614112E-12 6.290509578E-12 6.328293379E-12 
0 0 0 0 0 7.583377706E-12 6.325073635E-12 6.299380764E-12 6.280419607E-12 6.30443783E-12 6.306814061E-12 6.417928957E-12 7.212156493E-12 6.400856215E-12 6.339179953E-12 6.288745182E-12 6.261148413E-12 6.305611164E-12 6.252019309E-12 6.311398395E-12 6.305923609E-12 6.299733238E-12 6.309022481E-12 6.29417378E-12 6.289526563E-12 6.272957485E-12 6.281094002E-12 6.292770661E-12 6.251136241E-12 6.240760837E-12 6.273298721E-12 6.311569025E-12 
0 0 0 0 0 0 7.519860621E-12 6.303083713E-12 6.245163671E-12 6.267840795E-12 6.26067747E-12 6.278746641E-12 6.375122775E-12 7.131448046E-12 6.40193458E-12 6.267257369E-12 6.228507178E-12 6.268194234E-12 6.213815365E-12 6.272635408E-12 6.267197212E-12 6.271513087E-12 6.277487164E-12 6.262050674E-12 6.252869744E-12 6.236691401E-12 6.246223246E-12 6.262321278E-12 6.220687889E-12 6.211955701E-12 6.241724638E-12 6.277728637E-12 
0 0 0 0 0 0 0 7.706908931E-12 6.281996853E-12 6.308043088E-12 6.296636308E-12 6.307879283E-12 6.313096034E-12 6.415501931E-12 7.34857013E-12 6.413096549E-12 6.272275259E-12 6.308695965E-12 6.255986373E-12 6.312164973E-12 6.304549043E-12 6.306015957E-12 6.321945601E-12 6.310737499E-12 6.292779072E-12 6.279599295E-12 6.287565226E-12 6.302892846E-12 6.261721047E-12 6.252622884E-12 6.282639511E-12 6.322401046E-12 
0 0 0 0 0 0 0 0 6.286552942E-12 6.309069923E-12 6.301161462E-12 6.308018208E-12 6.3074321E-12 6.324004731E-12 6.468518896E-12 7.286840358E-12 6.269536432E-12 6.309956803E-12 6.256280894E-12 6.312158717E-12 6.302929261E-12 6.307275438E-12 6.32508869E-12 6.336294857E-12 6.29570477E-12 6.281546207E-12 6.288471785E-12 6.305310826E-12 6.265727974E-12 6.256917875E-12 6.290181879E-12 6.333334268E-12 
0 0 0 0 0 0 0 0 0 7.564992954E-12 6.329348865E-12 6.303019718E-12 6.288989984E-12 6.29712742E-12 6.324816427E-12 6.280519484E-12 7.305794838E-12 6.426190664E-12 6.265314636E-12 6.308708699E-12 6.294528925E-12 6.293722579E-12 6.302668689E-12 6.289407977E-12 6.319600653E-12 6.284550698E-12 6.288592026E-12 6.298698572E-12 6.255275078E-12 6.243192455E-12 6.274923403E-12 6.313237086E-12 
0 0 0 0 0 0 0 0 0 0 7.654748222E-12 6.31991926E-12 6.294304388E-12 6.294621133E-12 6.324359623E-12 6.27992535E-12 6.374034089E-12 7.214311276E-12 6.418146361E-12 6.314326865E-12 6.294889354E-12 6.294622671E-12 6.301925341E-12 6.288336524E-12 6.296737593E-12 6.285055812E-12 6.28829598E-12 6.298314537E-12 6.255128257E-12 6.245229346E-12 6.275500415E-12 6.311082923E-12 
0 0 0 0 0 0 0 0 0 0 0 7.44085598E-12 6.344026351E-12 6.324393699E-12 6.346729877E-12 6.305560239E-12 6.315365571E-12 6.651149498E-12 1.451461726E-11 6.591282487E-12 6.33831416E-12 6.318175606E-12 6.324828405E-12 6.312084831E-12 6.321886179E-12 6.317004091E-12 6.337591169E-12 6.337394269E-12 6.283875506E-12 6.270152734E-12 6.298769878E-12 6.332220552E-12 
0 0 0 0 0 0 0 0 0 0 0 0 7.484672005E-12 6.330076426E-12 6.337801233E-12 6.291019756E-12 6.274194198E-12 6.321984081E-12 6.409258757E-12 7.189467115E-12 6.416907298E-12 6.311118638E-12 6.311593255E-12 6.297635367E-12 6.296152455E-12 6.281571889E-12 6.292919001E-12 6.315169892E-12 6.269480132E-12 6.256382963E-12 6.284471608E-12 6.317808962E-12 
0 0 0 0 0 0 0 0 0 0 0 0 0 7.510552387E-12 6.341658672E-12 6.280259361E-12 6.253172478E-12 6.293966736E-12 6.252459882E-12 6.391633717E-12 7.216729512E-12 6.394305575E-12 6.307548703E-12 6.285349567E-12 6.277390116E-12 6.262686566E-12 6.271359702E-12 6.291137071E-12 6.2547825E-12 6.241361644E-12 6.269974645E-12 6.304674647E-12 
0 0 0 0 0 0 0 0 0 0 0 0 0 0 7.478621138E-12 6.302626946E-12 6.251232752E-12 6.292039824E-12 6.239009564E-12 6.306352555E-12 6.388737906E-12 7.233443124E-12 6.403206774E-12 6.293672918E-12 6.272722828E-12 6.256415331E-12 6.267958345E-12 6.285365819E-12 6.248256206E-12 6.243356416E-12 6.273664666E-12 6.308205598E-12 
0 0 0 0 0 0 0 0 0 0 0 0 0 0 0 7.623630363E-12 6.270843597E-12 6.307908299E-12 6.257967374E-12 6.313374912E-12 6.314386098E-12 6.409432028E-12 7.183036676E-12 6.410909716E-12 6.295624801E-12 6.280395274E-12 6.28803268E-12 6.303281059E-12 6.266086393E-12 6.2624143E-12 6.301169996E-12 6.333963778E-12 
0 0 0 0 0 0 0 0 0 0 0 0 0 0 0 0 6.274172144E-12 6.313738608E-12 6.258558286E-12 6.317497419E-12 6.310502195E-12 6.323590727E-12 6.443015661E-12 7.319639108E-12 6.29911739E-12 6.286321152E-12 6.294572806E-12 6.309407229E-12 6.269131066E-12 6.262745782E-12 6.301965341E-12 6.362100732E-12 
0 0 0 0 0 0 0 0 0 0 0 0 0 0 0 0 0 7.557418514E-12 6.275323459E-12 6.310627816E-12 6.29410782E-12 6.292698221E-12 6.297972176E-12 6.28527431E-12 7.309508985E-12 6.396860757E-12 6.298171939E-12 6.298650133E-12 6.255623762E-12 6.242840243E-12 6.272909049E-12 6.309204268E-12 
0 0 0 0 0 0 0 0 0 0 0 0 0 0 0 0 0 0 7.46536853E-12 6.360028252E-12 6.333255902E-12 6.33127878E-12 6.339375202E-12 6.324630653E-12 6.43682123E-12 7.164464646E-12 6.421863351E-12 6.347657358E-12 6.297176307E-12 6.28470462E-12 6.313340728E-12 6.349023293E-12 
0 0 0 0 0 0 0 0 0 0 0 0 0 0 0 0 0 0 0 7.361988754E-12 6.311651153E-12 6.294333562E-12 6.301545635E-12 6.289128154E-12 6.301896896E-12 6.382485353E-12 7.183327228E-12 6.40090933E-12 6.265125661E-12 6.243133495E-12 6.275494769E-12 6.308303616E-12 
0 0 0 0 0 0 0 0 0 0 0 0 0 0 0 0 0 0 0 0 7.550944001E-12 6.264831792E-12 6.256255455E-12 6.238144743E-12 6.242124197E-12 6.236529592E-12 6.337003049E-12 7.191608973E-12 6.308350291E-12 6.204284917E-12 6.226211219E-12 6.260664306E-12 
0 0 0 0 0 0 0 0 0 0 0 0 0 0 0 0 0 0 0 0 0 7.430696839E-12 6.334784677E-12 6.301785125E-12 6.293516662E-12 6.280372234E-12 6.298375376E-12 6.414299444E-12 7.147506874E-12 6.361843622E-12 6.295698373E-12 6.320824362E-12 
0 0 0 0 0 0 0 0 0 0 0 0 0 0 0 0 0 0 0 0 0 0 7.513448185E-12 6.312718881E-12 6.278484491E-12 6.264951794E-12 6.276921906E-12 6.300804634E-12 6.355333446E-12 7.134507297E-12 6.379867675E-12 6.321416608E-12 
0 0 0 0 0 0 0 0 0 0 0 0 0 0 0 0 0 0 0 0 0 0 0 7.567850967E-12 6.312341843E-12 6.297041793E-12 6.305231198E-12 6.322602138E-12 6.293095634E-12 6.374944487E-12 7.185761784E-12 6.453327801E-12 
0 0 0 0 0 0 0 0 0 0 0 0 0 0 0 0 0 0 0 0 0 0 0 0 6.276823884E-12 6.263523489E-12 6.269120302E-12 6.286184666E-12 6.250959811E-12 6.253319035E-12 6.397970139E-12 7.441248937E-12 
0 0 0 0 0 0 0 0 0 0 0 0 0 0 0 0 0 0 0 0 0 0 0 0 0 7.541784402E-12 6.305072585E-12 6.284396152E-12 6.234743791E-12 6.219364601E-12 6.249986705E-12 6.285112575E-12 
0 0 0 0 0 0 0 0 0 0 0 0 0 0 0 0 0 0 0 0 0 0 0 0 0 0 7.533314447E-12 6.318040788E-12 6.246515488E-12 6.227296888E-12 6.257046004E-12 6.292759505E-12 
0 0 0 0 0 0 0 0 0 0 0 0 0 0 0 0 0 0 0 0 0 0 0 0 0 0 0 7.659973378E-12 6.25001404E-12 6.209866116E-12 6.23265874E-12 6.267903654E-12 
0 0 0 0 0 0 0 0 0 0 0 0 0 0 0 0 0 0 0 0 0 0 0 0 0 0 0 0 7.496173491E-12 6.273264977E-12 6.271520613E-12 6.299678001E-12 
0 0 0 0 0 0 0 0 0 0 0 0 0 0 0 0 0 0 0 0 0 0 0 0 0 0 0 0 0 7.550577751E-12 6.282168536E-12 6.289038992E-12 
0 0 0 0 0 0 0 0 0 0 0 0 0 0 0 0 0 0 0 0 0 0 0 0 0 0 0 0 0 0 7.468532064E-12 6.320978434E-12 
0 0 0 0 0 0 0 0 0 0 0 0 0 0 0 0 0 0 0 0 0 0 0 0 0 0 0 0 0 0 0 7.731232838E-12 
0 0 0 0 0 0 0 0 0 0 0 0 0 0 0 0 0 0 0 0 0 0 0 0 0 0 0 0 0 0 0 0 
