32 32
0 7.640179995E-12 6.324495982E-12 6.29442435E-12 6.278691815E-12 6.29694061E-12 6.276216386E-12 6.279363878E-12 7.287998068E-12 6.426079971E-12 6.303892792E-12 6.300590777E-12 6.287201537E-12 6.291633195E-12 6.320477288E-12 6.277657665E-12 6.29293195E-12 6.307713115E-12 6.248321951E-12 6.302126126E-12 6.288177523E-12 6.28903687E-12 6.297605504E-12 6.283191557E-12 6.292031802E-12 6.269766193E-12 6.274290886E-12 6.289051627E-12 6.249658902E-12 6.235275994E-12 6.271543492E-12 6.30659564E-12 
0 0 7.654979969E-12 6.354326848E-12 6.315710074E-12 6.329588097E-12 6.306773762E-12 6.305604074E-12 6.415238406E-12 7.193109807E-12 6.431697338E-12 6.334597136E-12 6.31851011E-12 6.320926527E-12 6.347815785E-12 6.306595674E-12 6.299355257E-12 6.339116743E-12 6.277198778E-12 6.329104061E-12 6.31560447E-12 6.31635275E-12 6.328160928E-12 6.315319688E-12 6.311479409E-12 6.29933025E-12 6.304589072E-12 6.316893663E-12 6.27672316E-12 6.265667074E-12 6.299074462E-12 6.335635917E-12 
0 0 0 7.503914979E-12 6.298075612E-12 6.28754728E-12 6.258171403E-12 6.259316884E-12 6.271476507E-12 6.383346441E-12 7.232310598E-12 6.378388253E-12 6.278502513E-12 6.273465129E-12 6.300909855E-12 6.261313074E-12 6.250169206E-12 6.289568453E-12 6.236362996E-12 6.283995168E-12 6.273336492E-12 6.273972094E-12 6.280838723E-12 6.263282409E-12 6.266296492E-12 6.246207218E-12 6.255408847E-12 6.27232908E-12 6.233035662E-12 6.22080912E-12 6.252828748E-12 6.287790008E-12 
0 0 0 0 7.604547608E-12 6.360557307E-12 6.305476055E-12 6.303404822E-12 6.302832928E-12 6.327120908E-12 6.414655875E-12 7.279182827E-12 6.406363947E-12 6.325651402E-12 6.341058948E-12 6.300615532E-12 6.281835294E-12 6.317942537E-12 6.266756821E-12 6.329808969E-12 6.314669168E-12 6.310324487E-12 6.316464162E-12 6.301808112E-12 6.299890495E-12 6.286309546E-12 6.294655271E-12 6.313296314E-12 6.273727928E-12 6.257479512E-12 6.292286272E-12 6.328673079E-12 
0 0 0 0 0 7.583419589E-12 6.325222618E-12 6.300952342E-12 6.276853884E-12 6.306657855E-12 6.302082936E-12 6.418236833E-12 7.211999239E-12 6.397859952E-12 6.339267357E-12 6.28986009E-12 6.25934604E-12 6.301126635E-12 6.248189285E-12 6.312273822E-12 6.30283304E-12 6.302287729E-12 6.308613496E-12 6.288847646E-12 6.281308918E-12 6.265750518E-12 6.279967937E-12 6.292438917E-12 6.256759309E-12 6.245759196E-12 6.273779002E-12 6.308423335E-12 
0 0 0 0 0 0 7.519863931E-12 6.304921441E-12 6.245776063E-12 6.264296817E-12 6.258600716E-12 6.28145286E-12 6.369628927E-12 7.125295139E-12 6.399176739E-12 6.273918598E-12 6.228082041E-12 6.273141357E-12 6.217034146E-12 6.274417986E-12 6.267157429E-12 6.272602303E-12 6.271202969E-12 6.266352209E-12 6.249367433E-12 6.236362662E-12 6.246385513E-12 6.263738927E-12 6.223708654E-12 6.211582389E-12 6.2435177E-12 6.276902799E-12 
0 0 0 0 0 0 0 7.711885251E-12 6.281939728E-12 6.30695088E-12 6.297752736E-12 6.308807914E-12 6.311072239E-12 6.411743321E-12 7.344926256E-12 6.412838237E-12 6.264543038E-12 6.302447302E-12 6.250209738E-12 6.309915198E-12 6.308569933E-12 6.304946727E-12 6.320175809E-12 6.311058257E-12 6.293589906E-12 6.273865911E-12 6.285388797E-12 6.302622837E-12 6.256068325E-12 6.250308419E-12 6.28262088E-12 6.320088414E-12 
0 0 0 0 0 0 0 0 6.283749017E-12 6.310990084E-12 6.30374393E-12 6.307711002E-12 6.301946325E-12 6.32288472E-12 6.467257832E-12 7.289984691E-12 6.269049914E-12 6.31274071E-12 6.254288399E-12 6.317981368E-12 6.306708097E-12 6.307237422E-12 6.324403481E-12 6.331396973E-12 6.295006336E-12 6.282600144E-12 6.285906007E-12 6.30142668E-12 6.26936213E-12 6.255031216E-12 6.28941753E-12 6.334981945E-12 
0 0 0 0 0 0 0 0 0 7.564205617E-12 6.318887286E-12 6.302153684E-12 6.287449001E-12 6.296883466E-12 6.323410317E-12 6.285421259E-12 7.299128033E-12 6.426989814E-12 6.267040011E-12 6.311816557E-12 6.29286385E-12 6.293461163E-12 6.302442811E-12 6.288131921E-12 6.317982708E-12 6.27974584E-12 6.279697427E-12 6.292340356E-12 6.250549867E-12 6.245737281E-12 6.267447365E-12 6.310402308E-12 
0 0 0 0 0 0 0 0 0 0 7.613204802E-12 6.315648909E-12 6.292165538E-12 6.295784798E-12 6.326523088E-12 6.275118944E-12 6.373967431E-12 7.233256512E-12 6.349682707E-12 6.313433421E-12 6.295267211E-12 6.290522141E-12 6.298533144E-12 6.292213267E-12 6.295556443E-12 6.28072041E-12 6.282379656E-12 6.3001454E-12 6.257749691E-12 6.242912216E-12 6.270284127E-12 6.310533239E-12 
0 0 0 0 0 0 0 0 0 0 0 7.406042276E-12 6.335109186E-12 6.323402099E-12 6.348136003E-12 6.302339807E-12 6.298168127E-12 6.439653651E-12 7.1409615E-12 6.437679796E-12 6.328733931E-12 6.315367826E-12 6.325117924E-12 6.311314712E-12 6.315738145E-12 6.30142652E-12 6.318187328E-12 6.326112317E-12 6.277839268E-12 6.274018542E-12 6.297857068E-12 6.331623104E-12 
0 0 0 0 0 0 0 0 0 0 0 0 7.489523194E-12 6.332108488E-12 6.33182747E-12 6.291740253E-12 6.278185451E-12 6.324336835E-12 6.358776402E-12 7.206705432E-12 6.416878811E-12 6.315324535E-12 6.315153944E-12 6.2979051E-12 6.298462776E-12 6.281934898E-12 6.295547447E-12 6.31060028E-12 6.269084476E-12 6.253765405E-12 6.287289737E-12 6.315460555E-12 
0 0 0 0 0 0 0 0 0 0 0 0 0 7.511199026E-12 6.340909512E-12 6.280918128E-12 6.2523415E-12 6.295915715E-12 6.255139804E-12 6.392400068E-12 7.21807076E-12 6.389184315E-12 6.307317517E-12 6.284709852E-12 6.271689688E-12 6.257573325E-12 6.263781243E-12 6.289776438E-12 6.257548919E-12 6.243464289E-12 6.273359705E-12 6.306005161E-12 
0 0 0 0 0 0 0 0 0 0 0 0 0 0 7.477820697E-12 6.303681299E-12 6.248400504E-12 6.292730891E-12 6.237749329E-12 6.303061045E-12 6.38413378E-12 7.238613638E-12 6.406429646E-12 6.292415611E-12 6.273598589E-12 6.262924735E-12 6.26611116E-12 6.289841109E-12 6.25268721E-12 6.248908438E-12 6.265779192E-12 6.314823E-12 
0 0 0 0 0 0 0 0 0 0 0 0 0 0 0 7.620359856E-12 6.269553486E-12 6.312290712E-12 6.258659909E-12 6.313819378E-12 6.312863135E-12 6.408238762E-12 7.186058007E-12 6.41381743E-12 6.293518411E-12 6.281369644E-12 6.283495863E-12 6.309079516E-12 6.259504355E-12 6.258127542E-12 6.301133314E-12 6.331325474E-12 
0 0 0 0 0 0 0 0 0 0 0 0 0 0 0 0 6.275752712E-12 6.313163438E-12 6.259782234E-12 6.312050245E-12 6.312899114E-12 6.328619876E-12 6.438409878E-12 7.316791809E-12 6.294837266E-12 6.287567168E-12 6.293103898E-12 6.30791106E-12 6.265825113E-12 6.262089305E-12 6.295773008E-12 6.365521533E-12 
0 0 0 0 0 0 0 0 0 0 0 0 0 0 0 0 0 7.56396349E-12 6.277817518E-12 6.309552291E-12 6.296920703E-12 6.290000113E-12 6.296204878E-12 6.281736829E-12 7.310869024E-12 6.390943479E-12 6.300524218E-12 6.305582101E-12 6.257922642E-12 6.24143769E-12 6.275380793E-12 6.307647646E-12 
0 0 0 0 0 0 0 0 0 0 0 0 0 0 0 0 0 0 7.562556648E-12 6.364157638E-12 6.335022355E-12 6.328936089E-12 6.338328372E-12 6.32855087E-12 6.438953392E-12 7.169835598E-12 6.424806552E-12 6.348185677E-12 6.297735365E-12 6.282332821E-12 6.311597231E-12 6.351732203E-12 
0 0 0 0 0 0 0 0 0 0 0 0 0 0 0 0 0 0 0 7.439756538E-12 6.317151348E-12 6.302796053E-12 6.302427755E-12 6.289688081E-12 6.307542155E-12 6.389750559E-12 7.192911832E-12 6.406877145E-12 6.271436195E-12 6.241935816E-12 6.27571699E-12 6.307165478E-12 
0 0 0 0 0 0 0 0 0 0 0 0 0 0 0 0 0 0 0 0 7.552971131E-12 6.269781598E-12 6.253747421E-12 6.23825786E-12 6.235841325E-12 6.234970769E-12 6.336057401E-12 7.196411762E-12 6.303266139E-12 6.207710609E-12 6.229752409E-12 6.260364498E-12 
0 0 0 0 0 0 0 0 0 0 0 0 0 0 0 0 0 0 0 0 0 7.429438188E-12 6.334129291E-12 6.299346462E-12 6.293087636E-12 6.280005898E-12 6.299191762E-12 6.415778862E-12 7.144113211E-12 6.362504648E-12 6.293608302E-12 6.323493937E-12 
0 0 0 0 0 0 0 0 0 0 0 0 0 0 0 0 0 0 0 0 0 0 7.514056631E-12 6.309774977E-12 6.27902818E-12 6.26519641E-12 6.271779789E-12 6.298721467E-12 6.356800482E-12 7.130618294E-12 6.377968235E-12 6.327242093E-12 
0 0 0 0 0 0 0 0 0 0 0 0 0 0 0 0 0 0 0 0 0 0 0 7.558392083E-12 6.307466459E-12 6.293261248E-12 6.300814515E-12 6.322317841E-12 6.294596127E-12 6.375490838E-12 7.181621385E-12 6.49267072E-12 
0 0 0 0 0 0 0 0 0 0 0 0 0 0 0 0 0 0 0 0 0 0 0 0 6.275171527E-12 6.262913741E-12 6.269815965E-12 6.2866494E-12 6.248426655E-12 6.250475824E-12 6.377641839E-12 7.730364982E-12 
0 0 0 0 0 0 0 0 0 0 0 0 0 0 0 0 0 0 0 0 0 0 0 0 0 7.544304027E-12 6.307363428E-12 6.285476273E-12 6.235922389E-12 6.221412677E-12 6.247032087E-12 6.288531126E-12 
0 0 0 0 0 0 0 0 0 0 0 0 0 0 0 0 0 0 0 0 0 0 0 0 0 0 7.537296978E-12 6.322272263E-12 6.249265585E-12 6.228764445E-12 6.257269703E-12 6.295966843E-12 
0 0 0 0 0 0 0 0 0 0 0 0 0 0 0 0 0 0 0 0 0 0 0 0 0 0 0 7.661261111E-12 6.249882777E-12 6.211349098E-12 6.233969078E-12 6.266057822E-12 
0 0 0 0 0 0 0 0 0 0 0 0 0 0 0 0 0 0 0 0 0 0 0 0 0 0 0 0 7.498478701E-12 6.27244469E-12 6.271655431E-12 6.305526226E-12 
0 0 0 0 0 0 0 0 0 0 0 0 0 0 0 0 0 0 0 0 0 0 0 0 0 0 0 0 0 7.549998167E-12 6.278691045E-12 6.293308463E-12 
0 0 0 0 0 0 0 0 0 0 0 0 0 0 0 0 0 0 0 0 0 0 0 0 0 0 0 0 0 0 7.463175382E-12 6.33811747E-12 
0 0 0 0 0 0 0 0 0 0 0 0 0 0 0 0 0 0 0 0 0 0 0 0 0 0 0 0 0 0 0 7.966125786E-12 
0 0 0 0 0 0 0 0 0 0 0 0 0 0 0 0 0 0 0 0 0 0 0 0 0 0 0 0 0 0 0 0 
