32 32
0 7.642400878E-12 6.322576611E-12 6.290229477E-12 6.276795748E-12 6.294948476E-12 6.272926346E-12 6.276652483E-12 7.2831793E-12 6.423108099E-12 6.295918109E-12 6.290903113E-12 6.281303227E-12 6.286000979E-12 6.316305211E-12 6.276602169E-12 6.289246067E-12 6.310028931E-12 6.247101546E-12 6.304036579E-12 6.287512091E-12 6.288045739E-12 6.299491406E-12 6.284454101E-12 6.295521238E-12 6.267532686E-12 6.27470553E-12 6.290310598E-12 6.251262277E-12 6.240746375E-12 6.269806748E-12 6.302287388E-12 
0 0 7.653472275E-12 6.348547161E-12 6.313454825E-12 6.328246099E-12 6.307632462E-12 6.306914147E-12 6.420249707E-12 7.193618576E-12 6.430849598E-12 6.336498424E-12 6.31885558E-12 6.322993829E-12 6.349327848E-12 6.304933909E-12 6.298588553E-12 6.339535298E-12 6.281651282E-12 6.333816133E-12 6.318765811E-12 6.313349063E-12 6.328642029E-12 6.31528922E-12 6.316938789E-12 6.300323166E-12 6.30491605E-12 6.320292526E-12 6.275195619E-12 6.267238019E-12 6.300077967E-12 6.334614851E-12 
0 0 0 7.507512107E-12 6.298684875E-12 6.289325858E-12 6.259087754E-12 6.262909895E-12 6.27429308E-12 6.382601204E-12 7.227558144E-12 6.379419971E-12 6.279634208E-12 6.274570423E-12 6.299843024E-12 6.25872739E-12 6.243688881E-12 6.287442027E-12 6.235365917E-12 6.287895407E-12 6.270286992E-12 6.270477853E-12 6.278280281E-12 6.265677031E-12 6.264955228E-12 6.251088097E-12 6.25672163E-12 6.272135569E-12 6.230297929E-12 6.22052168E-12 6.251321119E-12 6.288821201E-12 
0 0 0 0 7.605747148E-12 6.358643955E-12 6.30681733E-12 6.305329274E-12 6.299507507E-12 6.331556366E-12 6.416320629E-12 7.284474442E-12 6.404538491E-12 6.327214211E-12 6.344021363E-12 6.298006623E-12 6.278807634E-12 6.319366374E-12 6.268105792E-12 6.329511066E-12 6.315499919E-12 6.312765458E-12 6.318595074E-12 6.309334138E-12 6.303983812E-12 6.289122408E-12 6.295533973E-12 6.312003173E-12 6.269924201E-12 6.259733679E-12 6.289749468E-12 6.325413414E-12 
0 0 0 0 0 7.579977755E-12 6.320340774E-12 6.298319822E-12 6.278576049E-12 6.302638946E-12 6.302521759E-12 6.415971994E-12 7.209357609E-12 6.396752996E-12 6.336701872E-12 6.286165449E-12 6.260862952E-12 6.301560944E-12 6.249683383E-12 6.311744085E-12 6.302830238E-12 6.298292044E-12 6.304344464E-12 6.293619417E-12 6.286738693E-12 6.272349152E-12 6.277548856E-12 6.293212504E-12 6.253452391E-12 6.240446518E-12 6.272863533E-12 6.310377773E-12 
0 0 0 0 0 0 7.52047436E-12 6.302085327E-12 6.241044977E-12 6.26886429E-12 6.257760447E-12 6.274011674E-12 6.371621059E-12 7.130372995E-12 6.399075393E-12 6.266455773E-12 6.2281845E-12 6.266516333E-12 6.212701236E-12 6.272281407E-12 6.264089803E-12 6.270694599E-12 6.273519355E-12 6.260845817E-12 6.247976317E-12 6.232209202E-12 6.242821625E-12 6.257744577E-12 6.218000918E-12 6.207241819E-12 6.240260942E-12 6.279791101E-12 
0 0 0 0 0 0 0 7.712565277E-12 6.287362457E-12 6.307354739E-12 6.295600755E-12 6.306604351E-12 6.311533409E-12 6.413145548E-12 7.347487282E-12 6.407565155E-12 6.266325851E-12 6.307334092E-12 6.253646474E-12 6.314116059E-12 6.304706563E-12 6.305547712E-12 6.324711022E-12 6.314064688E-12 6.29501302E-12 6.276471376E-12 6.286993598E-12 6.302454237E-12 6.261541985E-12 6.251652939E-12 6.283220303E-12 6.320096888E-12 
0 0 0 0 0 0 0 0 6.29002008E-12 6.30922797E-12 6.297171827E-12 6.30793007E-12 6.303216403E-12 6.324771514E-12 6.466330941E-12 7.282280342E-12 6.266876907E-12 6.305291502E-12 6.250690675E-12 6.312710127E-12 6.299350464E-12 6.306761353E-12 6.323558726E-12 6.342268058E-12 6.296976613E-12 6.280640584E-12 6.288041844E-12 6.304404087E-12 6.265104821E-12 6.257705356E-12 6.289290395E-12 6.334395993E-12 
0 0 0 0 0 0 0 0 0 7.56796226E-12 6.318600397E-12 6.298978977E-12 6.289292697E-12 6.290662337E-12 6.319852393E-12 6.278309452E-12 7.302847127E-12 6.424797557E-12 6.265362623E-12 6.307981502E-12 6.295190669E-12 6.294038774E-12 6.300805602E-12 6.2901322E-12 6.315259401E-12 6.282757487E-12 6.285812713E-12 6.296829437E-12 6.251935037E-12 6.24034996E-12 6.27472859E-12 6.308597977E-12 
0 0 0 0 0 0 0 0 0 0 7.613006426E-12 6.323136289E-12 6.297098625E-12 6.294878022E-12 6.322929769E-12 6.281879701E-12 6.374358715E-12 7.233872762E-12 6.352012511E-12 6.316439692E-12 6.293346665E-12 6.293555023E-12 6.303124108E-12 6.292606865E-12 6.297614822E-12 6.28492335E-12 6.286669701E-12 6.29573117E-12 6.251739934E-12 6.239274506E-12 6.272937262E-12 6.31021576E-12 
0 0 0 0 0 0 0 0 0 0 0 7.406997765E-12 6.337910892E-12 6.32118956E-12 6.34375522E-12 6.301833936E-12 6.302176295E-12 6.442269214E-12 7.139342382E-12 6.432088757E-12 6.330704339E-12 6.316376286E-12 6.327404525E-12 6.312879816E-12 6.31378644E-12 6.301556977E-12 6.316369413E-12 6.322614853E-12 6.280570753E-12 6.267200665E-12 6.297759499E-12 6.332265927E-12 
0 0 0 0 0 0 0 0 0 0 0 0 7.487057826E-12 6.329374666E-12 6.336850136E-12 6.28973527E-12 6.274162243E-12 6.323359909E-12 6.359464807E-12 7.200098057E-12 6.416172281E-12 6.314183172E-12 6.313551604E-12 6.296915991E-12 6.292788327E-12 6.280294255E-12 6.291903845E-12 6.309251754E-12 6.267549716E-12 6.253927152E-12 6.282025116E-12 6.319452004E-12 
0 0 0 0 0 0 0 0 0 0 0 0 0 7.510050283E-12 6.338411466E-12 6.276425459E-12 6.253321786E-12 6.295183224E-12 6.247572379E-12 6.38964798E-12 7.210836755E-12 6.386808163E-12 6.301938371E-12 6.284058012E-12 6.27507178E-12 6.26044323E-12 6.27032548E-12 6.2914185E-12 6.255119355E-12 6.242164064E-12 6.26736092E-12 6.303610479E-12 
0 0 0 0 0 0 0 0 0 0 0 0 0 0 7.477221135E-12 6.299639237E-12 6.251562982E-12 6.291987219E-12 6.238205482E-12 6.304218159E-12 6.390172087E-12 7.234522365E-12 6.401707906E-12 6.301834798E-12 6.274282004E-12 6.261218454E-12 6.269382129E-12 6.285716658E-12 6.250425446E-12 6.245157151E-12 6.274334303E-12 6.306108548E-12 
0 0 0 0 0 0 0 0 0 0 0 0 0 0 0 7.609987391E-12 6.268410938E-12 6.308151097E-12 6.255300464E-12 6.315351227E-12 6.313132782E-12 6.406089541E-12 7.17564709E-12 6.455587061E-12 6.295505141E-12 6.281827102E-12 6.289240068E-12 6.305143061E-12 6.268370582E-12 6.261104121E-12 6.295722137E-12 6.332363588E-12 
0 0 0 0 0 0 0 0 0 0 0 0 0 0 0 0 6.273769486E-12 6.315182632E-12 6.259454058E-12 6.31537241E-12 6.308339326E-12 6.320200229E-12 6.427703645E-12 7.723304514E-12 6.300153526E-12 6.283473041E-12 6.290565031E-12 6.308700415E-12 6.268845722E-12 6.262665522E-12 6.299701221E-12 6.369687182E-12 
0 0 0 0 0 0 0 0 0 0 0 0 0 0 0 0 0 7.56041288E-12 6.278232281E-12 6.310257953E-12 6.292885057E-12 6.292579249E-12 6.303010908E-12 6.289442676E-12 7.314301424E-12 6.397703204E-12 6.299459218E-12 6.304179692E-12 6.255612153E-12 6.243749285E-12 6.276151889E-12 6.310432684E-12 
0 0 0 0 0 0 0 0 0 0 0 0 0 0 0 0 0 0 7.55455678E-12 6.364427596E-12 6.333966679E-12 6.328685535E-12 6.334735865E-12 6.322951196E-12 6.437763026E-12 7.166567636E-12 6.422114959E-12 6.343763508E-12 6.293436441E-12 6.279977172E-12 6.309512654E-12 6.345679692E-12 
0 0 0 0 0 0 0 0 0 0 0 0 0 0 0 0 0 0 0 7.437691763E-12 6.315659881E-12 6.295774282E-12 6.30069027E-12 6.288161746E-12 6.302856545E-12 6.388140191E-12 7.197653084E-12 6.407837031E-12 6.265570085E-12 6.245390291E-12 6.272187827E-12 6.308118584E-12 
0 0 0 0 0 0 0 0 0 0 0 0 0 0 0 0 0 0 0 0 7.553095287E-12 6.266965084E-12 6.256391181E-12 6.241294509E-12 6.239501657E-12 6.236261712E-12 6.335784172E-12 7.190724358E-12 6.307812359E-12 6.20514592E-12 6.225015976E-12 6.260183306E-12 
0 0 0 0 0 0 0 0 0 0 0 0 0 0 0 0 0 0 0 0 0 7.429420464E-12 6.328464532E-12 6.300584496E-12 6.286851771E-12 6.273654938E-12 6.294086609E-12 6.407181714E-12 7.141401154E-12 6.356808472E-12 6.291905314E-12 6.318454134E-12 
0 0 0 0 0 0 0 0 0 0 0 0 0 0 0 0 0 0 0 0 0 0 7.50841192E-12 6.325016207E-12 6.277568993E-12 6.261417064E-12 6.27376241E-12 6.297597232E-12 6.354592882E-12 7.132102405E-12 6.377407537E-12 6.318405462E-12 
0 0 0 0 0 0 0 0 0 0 0 0 0 0 0 0 0 0 0 0 0 0 0 7.754786984E-12 6.310968634E-12 6.29368456E-12 6.304828059E-12 6.32329354E-12 6.29229138E-12 6.372745693E-12 7.177000153E-12 6.436413231E-12 
0 0 0 0 0 0 0 0 0 0 0 0 0 0 0 0 0 0 0 0 0 0 0 0 6.273617853E-12 6.259916945E-12 6.269296042E-12 6.286500929E-12 6.253328225E-12 6.261509216E-12 6.438620632E-12 7.72988766E-12 
0 0 0 0 0 0 0 0 0 0 0 0 0 0 0 0 0 0 0 0 0 0 0 0 0 7.544124251E-12 6.306269411E-12 6.287501985E-12 6.23571334E-12 6.222877329E-12 6.2521333E-12 6.288920813E-12 
0 0 0 0 0 0 0 0 0 0 0 0 0 0 0 0 0 0 0 0 0 0 0 0 0 0 7.538005783E-12 6.320487171E-12 6.245531286E-12 6.22813621E-12 6.257749959E-12 6.290616111E-12 
0 0 0 0 0 0 0 0 0 0 0 0 0 0 0 0 0 0 0 0 0 0 0 0 0 0 0 7.660399666E-12 6.249799276E-12 6.207482329E-12 6.234313951E-12 6.265147551E-12 
0 0 0 0 0 0 0 0 0 0 0 0 0 0 0 0 0 0 0 0 0 0 0 0 0 0 0 0 7.496957211E-12 6.269992169E-12 6.26938339E-12 6.301072703E-12 
0 0 0 0 0 0 0 0 0 0 0 0 0 0 0 0 0 0 0 0 0 0 0 0 0 0 0 0 0 7.551975798E-12 6.279747376E-12 6.287607437E-12 
0 0 0 0 0 0 0 0 0 0 0 0 0 0 0 0 0 0 0 0 0 0 0 0 0 0 0 0 0 0 7.468085354E-12 6.317933037E-12 
0 0 0 0 0 0 0 0 0 0 0 0 0 0 0 0 0 0 0 0 0 0 0 0 0 0 0 0 0 0 0 7.717700017E-12 
0 0 0 0 0 0 0 0 0 0 0 0 0 0 0 0 0 0 0 0 0 0 0 0 0 0 0 0 0 0 0 0 
