32 32
0 7.642899219E-12 6.323346117E-12 6.293241564E-12 6.279515436E-12 6.300057864E-12 6.274140928E-12 6.277126912E-12 7.287378254E-12 6.424758704E-12 6.300820711E-12 6.293500479E-12 6.285977333E-12 6.290018622E-12 6.316980433E-12 6.276080639E-12 6.291987907E-12 6.308582923E-12 6.247701252E-12 6.301424967E-12 6.291525346E-12 6.285516531E-12 6.295068427E-12 6.284671489E-12 6.29023344E-12 6.273578135E-12 6.275865709E-12 6.292110905E-12 6.24805696E-12 6.240062891E-12 6.26872728E-12 6.303451227E-12 
0 0 7.654843366E-12 6.350965631E-12 6.314242892E-12 6.327676478E-12 6.303156499E-12 6.309316021E-12 6.415062828E-12 7.191227352E-12 6.434552275E-12 6.33780889E-12 6.318640936E-12 6.319230997E-12 6.347890995E-12 6.306212346E-12 6.296012074E-12 6.336362808E-12 6.276826374E-12 6.326785339E-12 6.312885236E-12 6.313116269E-12 6.322913096E-12 6.31137277E-12 6.312925045E-12 6.295504157E-12 6.301032393E-12 6.31619335E-12 6.274847035E-12 6.26815945E-12 6.298410473E-12 6.335235387E-12 
0 0 0 7.505594765E-12 6.297634732E-12 6.287893613E-12 6.259731256E-12 6.259753E-12 6.274102029E-12 6.381009735E-12 7.22956209E-12 6.378574436E-12 6.27880545E-12 6.27324051E-12 6.300131309E-12 6.255649918E-12 6.244565972E-12 6.285568388E-12 6.237737197E-12 6.286983832E-12 6.275029671E-12 6.270555957E-12 6.2787933E-12 6.265620384E-12 6.263828352E-12 6.251027402E-12 6.256916339E-12 6.271686076E-12 6.2281654E-12 6.216435057E-12 6.248043522E-12 6.283431372E-12 
0 0 0 0 7.603118581E-12 6.357589641E-12 6.304716751E-12 6.301633073E-12 6.300032243E-12 6.331385552E-12 6.418669944E-12 7.281360036E-12 6.401108555E-12 6.325753804E-12 6.344662033E-12 6.300987796E-12 6.28177459E-12 6.319712547E-12 6.269347866E-12 6.330868121E-12 6.318060571E-12 6.311329846E-12 6.320446639E-12 6.306232278E-12 6.300919431E-12 6.285379675E-12 6.296101783E-12 6.311894628E-12 6.271294616E-12 6.261467853E-12 6.289306705E-12 6.324069385E-12 
0 0 0 0 0 7.582070622E-12 6.320191677E-12 6.294392872E-12 6.278825471E-12 6.300976495E-12 6.302342218E-12 6.418052667E-12 7.210233819E-12 6.400725046E-12 6.337750519E-12 6.289580251E-12 6.263649779E-12 6.302559355E-12 6.252324153E-12 6.306481783E-12 6.308615936E-12 6.297030909E-12 6.30452708E-12 6.294036567E-12 6.288326473E-12 6.268970513E-12 6.276610886E-12 6.292618149E-12 6.252793178E-12 6.243223505E-12 6.275309364E-12 6.310473572E-12 
0 0 0 0 0 0 7.518514065E-12 6.300528054E-12 6.243573265E-12 6.264055221E-12 6.259023186E-12 6.277683566E-12 6.372845286E-12 7.129825946E-12 6.398305187E-12 6.269333546E-12 6.227074785E-12 6.26593947E-12 6.21295935E-12 6.269100711E-12 6.269878449E-12 6.268820808E-12 6.275771373E-12 6.259437074E-12 6.249296045E-12 6.235887189E-12 6.241579081E-12 6.257032685E-12 6.21801134E-12 6.20816252E-12 6.243252211E-12 6.275845442E-12 
0 0 0 0 0 0 0 7.708499354E-12 6.28034313E-12 6.303985363E-12 6.297464027E-12 6.303575296E-12 6.310507715E-12 6.411433837E-12 7.346873465E-12 6.408863697E-12 6.267431129E-12 6.305794308E-12 6.252070797E-12 6.307541279E-12 6.304659692E-12 6.307943731E-12 6.3210027E-12 6.305380418E-12 6.290254184E-12 6.277041002E-12 6.284857619E-12 6.300557695E-12 6.260848799E-12 6.249208718E-12 6.283262052E-12 6.322051289E-12 
0 0 0 0 0 0 0 0 6.287156782E-12 6.309798425E-12 6.298515802E-12 6.306587623E-12 6.302601382E-12 6.323583453E-12 6.467231308E-12 7.287504926E-12 6.273021524E-12 6.312785808E-12 6.255142109E-12 6.313571237E-12 6.305730121E-12 6.307082368E-12 6.324588191E-12 6.334855393E-12 6.297474178E-12 6.280654251E-12 6.286461009E-12 6.30126889E-12 6.264821998E-12 6.253257915E-12 6.287456296E-12 6.332168644E-12 
0 0 0 0 0 0 0 0 0 7.56906293E-12 6.319786071E-12 6.302294241E-12 6.288248926E-12 6.294697769E-12 6.31857304E-12 6.2779566E-12 7.301193882E-12 6.424189827E-12 6.264915633E-12 6.306254301E-12 6.295039361E-12 6.291452068E-12 6.304080372E-12 6.289015451E-12 6.320887554E-12 6.28394749E-12 6.287163647E-12 6.297788125E-12 6.252669577E-12 6.244344055E-12 6.273124698E-12 6.310026577E-12 
0 0 0 0 0 0 0 0 0 0 7.61213396E-12 6.320532725E-12 6.293327574E-12 6.293057603E-12 6.323689936E-12 6.281064799E-12 6.373111414E-12 7.233652338E-12 6.351558785E-12 6.316002265E-12 6.296945004E-12 6.294020586E-12 6.300569142E-12 6.2916883E-12 6.293828342E-12 6.284779566E-12 6.28920502E-12 6.297767631E-12 6.253095704E-12 6.244071584E-12 6.275627132E-12 6.308565082E-12 
0 0 0 0 0 0 0 0 0 0 0 7.407522865E-12 6.334818623E-12 6.320297695E-12 6.346447946E-12 6.305507291E-12 6.302107707E-12 6.439861382E-12 7.139518841E-12 6.429207733E-12 6.332714942E-12 6.317171293E-12 6.323535802E-12 6.311693213E-12 6.313813182E-12 6.299427342E-12 6.3120208E-12 6.324960807E-12 6.279595826E-12 6.26506294E-12 6.295937687E-12 6.332543197E-12 
0 0 0 0 0 0 0 0 0 0 0 0 7.476732602E-12 6.327542248E-12 6.337045125E-12 6.289843908E-12 6.272611017E-12 6.319286406E-12 6.357734808E-12 7.19268401E-12 6.452428723E-12 6.30851405E-12 6.309986966E-12 6.294310498E-12 6.294009496E-12 6.279898862E-12 6.29010368E-12 6.307730085E-12 6.264356427E-12 6.248201651E-12 6.276757089E-12 6.312836478E-12 
0 0 0 0 0 0 0 0 0 0 0 0 0 7.495946915E-12 6.337345256E-12 6.272090293E-12 6.248046713E-12 6.289173488E-12 6.243582352E-12 6.37402003E-12 7.481818756E-12 6.376251641E-12 6.303435131E-12 6.28330332E-12 6.276087559E-12 6.263649336E-12 6.272149694E-12 6.292279873E-12 6.26396061E-12 6.239598462E-12 6.264223617E-12 6.301660534E-12 
0 0 0 0 0 0 0 0 0 0 0 0 0 0 7.477793577E-12 6.301954192E-12 6.24931975E-12 6.286813497E-12 6.238107043E-12 6.301932192E-12 6.423806015E-12 7.22404082E-12 6.403009697E-12 6.29208188E-12 6.274383629E-12 6.259237704E-12 6.266959835E-12 6.288727797E-12 6.2526088E-12 6.248232179E-12 6.27197383E-12 6.305475968E-12 
0 0 0 0 0 0 0 0 0 0 0 0 0 0 0 7.623793545E-12 6.272262757E-12 6.304599345E-12 6.256095593E-12 6.314187842E-12 6.319104701E-12 6.408568299E-12 7.184741007E-12 6.413516098E-12 6.29267298E-12 6.278946243E-12 6.283903024E-12 6.304271683E-12 6.266174911E-12 6.255882657E-12 6.297176995E-12 6.327993996E-12 
0 0 0 0 0 0 0 0 0 0 0 0 0 0 0 0 6.27556647E-12 6.312017381E-12 6.254889577E-12 6.315593087E-12 6.314209959E-12 6.324824362E-12 6.438843108E-12 7.318271756E-12 6.297977403E-12 6.281444776E-12 6.294837855E-12 6.311966168E-12 6.268411018E-12 6.26104546E-12 6.299458774E-12 6.353787749E-12 
0 0 0 0 0 0 0 0 0 0 0 0 0 0 0 0 0 7.558537926E-12 6.278121297E-12 6.312943943E-12 6.293525737E-12 6.288667694E-12 6.30171413E-12 6.288344888E-12 7.312011237E-12 6.398870676E-12 6.301166314E-12 6.302534743E-12 6.254800864E-12 6.243282182E-12 6.276923174E-12 6.314106346E-12 
0 0 0 0 0 0 0 0 0 0 0 0 0 0 0 0 0 0 7.560984395E-12 6.368659725E-12 6.33927794E-12 6.333684942E-12 6.337922804E-12 6.325198842E-12 6.433317163E-12 7.164812482E-12 6.418427966E-12 6.341565247E-12 6.291613411E-12 6.278232491E-12 6.305712584E-12 6.343922536E-12 
0 0 0 0 0 0 0 0 0 0 0 0 0 0 0 0 0 0 0 7.435288259E-12 6.324928729E-12 6.296194465E-12 6.303042732E-12 6.288243032E-12 6.298720235E-12 6.388761323E-12 7.19677985E-12 6.404338165E-12 6.266448688E-12 6.246998771E-12 6.270122707E-12 6.309385553E-12 
0 0 0 0 0 0 0 0 0 0 0 0 0 0 0 0 0 0 0 0 7.722487711E-12 6.267424212E-12 6.249571551E-12 6.235708457E-12 6.237752825E-12 6.231498661E-12 6.335020435E-12 7.184472209E-12 6.28883678E-12 6.204241086E-12 6.226823151E-12 6.256111069E-12 
0 0 0 0 0 0 0 0 0 0 0 0 0 0 0 0 0 0 0 0 0 7.610648008E-12 6.339682247E-12 6.301701735E-12 6.293325446E-12 6.281979922E-12 6.302723395E-12 6.455971514E-12 7.437028765E-12 6.401182386E-12 6.300450457E-12 6.322586763E-12 
0 0 0 0 0 0 0 0 0 0 0 0 0 0 0 0 0 0 0 0 0 0 7.51093964E-12 6.310595402E-12 6.27726828E-12 6.262838692E-12 6.270098529E-12 6.295291245E-12 6.340488658E-12 7.125813483E-12 6.37993306E-12 6.320515563E-12 
0 0 0 0 0 0 0 0 0 0 0 0 0 0 0 0 0 0 0 0 0 0 0 7.567301299E-12 6.313721495E-12 6.289875796E-12 6.300368706E-12 6.32378695E-12 6.289137806E-12 6.373707276E-12 7.185280565E-12 6.447830789E-12 
0 0 0 0 0 0 0 0 0 0 0 0 0 0 0 0 0 0 0 0 0 0 0 0 6.27383209E-12 6.254966584E-12 6.268141305E-12 6.28425928E-12 6.242803522E-12 6.25032539E-12 6.390764583E-12 7.440217408E-12 
0 0 0 0 0 0 0 0 0 0 0 0 0 0 0 0 0 0 0 0 0 0 0 0 0 7.545983886E-12 6.308321596E-12 6.291152341E-12 6.239119528E-12 6.218899539E-12 6.250927327E-12 6.28476809E-12 
0 0 0 0 0 0 0 0 0 0 0 0 0 0 0 0 0 0 0 0 0 0 0 0 0 0 7.541411467E-12 6.321561966E-12 6.245434205E-12 6.224515144E-12 6.257364279E-12 6.288874756E-12 
0 0 0 0 0 0 0 0 0 0 0 0 0 0 0 0 0 0 0 0 0 0 0 0 0 0 0 7.659114523E-12 6.251716915E-12 6.210114253E-12 6.232693432E-12 6.264696375E-12 
0 0 0 0 0 0 0 0 0 0 0 0 0 0 0 0 0 0 0 0 0 0 0 0 0 0 0 0 7.487146375E-12 6.270124685E-12 6.27566245E-12 6.303402672E-12 
0 0 0 0 0 0 0 0 0 0 0 0 0 0 0 0 0 0 0 0 0 0 0 0 0 0 0 0 0 7.537077471E-12 6.281264281E-12 6.294352974E-12 
0 0 0 0 0 0 0 0 0 0 0 0 0 0 0 0 0 0 0 0 0 0 0 0 0 0 0 0 0 0 7.472232058E-12 6.316396753E-12 
0 0 0 0 0 0 0 0 0 0 0 0 0 0 0 0 0 0 0 0 0 0 0 0 0 0 0 0 0 0 0 7.730733016E-12 
0 0 0 0 0 0 0 0 0 0 0 0 0 0 0 0 0 0 0 0 0 0 0 0 0 0 0 0 0 0 0 0 
