32 32
0 7.579245887E-12 6.301107992E-12 6.269338729E-12 6.255652978E-12 6.275482566E-12 6.254864085E-12 6.25554067E-12 7.235436793E-12 6.402850142E-12 6.28104078E-12 6.276558621E-12 6.261796783E-12 6.265456175E-12 6.294688732E-12 6.250876136E-12 6.266743051E-12 6.284138706E-12 6.225044911E-12 6.276364305E-12 6.265038487E-12 6.26449852E-12 6.272445959E-12 6.260753997E-12 6.26946154E-12 6.247640457E-12 6.253669037E-12 6.26767154E-12 6.225001227E-12 6.21560072E-12 6.247219107E-12 6.282261753E-12 
0 0 7.592914553E-12 6.323908199E-12 6.289618646E-12 6.304824805E-12 6.28254063E-12 6.284507643E-12 6.390678479E-12 7.142333418E-12 6.404216177E-12 6.322100995E-12 6.294744524E-12 6.297675351E-12 6.325507944E-12 6.283045852E-12 6.276758085E-12 6.316823766E-12 6.25730225E-12 6.308685102E-12 6.296411957E-12 6.297499032E-12 6.304979863E-12 6.29194896E-12 6.293122718E-12 6.27534913E-12 6.281532433E-12 6.29717583E-12 6.258198702E-12 6.244545707E-12 6.277342578E-12 6.31248695E-12 
0 0 0 7.353016786E-12 6.269489516E-12 6.263648766E-12 6.235841133E-12 6.2361799E-12 6.25091321E-12 6.355486962E-12 7.158650323E-12 6.515718131E-12 6.254671149E-12 6.250214292E-12 6.277828836E-12 6.232521584E-12 6.21989943E-12 6.259624743E-12 6.208910385E-12 6.284434595E-12 6.245219065E-12 6.244331117E-12 6.251630705E-12 6.241595018E-12 6.239423885E-12 6.225587056E-12 6.233667994E-12 6.249732472E-12 6.207076754E-12 6.194719679E-12 6.225186907E-12 6.263114802E-12 
0 0 0 0 7.437147591E-12 6.331700762E-12 6.280031442E-12 6.27858616E-12 6.273484678E-12 6.305719335E-12 6.460492225E-12 2.144766222E-11 6.552171702E-12 6.300803539E-12 6.316602257E-12 6.276301945E-12 6.256366853E-12 6.298528382E-12 6.277938639E-12 7.892640872E-12 6.350117049E-12 6.289120575E-12 6.292211059E-12 6.279901318E-12 6.276924098E-12 6.261798455E-12 6.2717034E-12 6.286616731E-12 6.246223832E-12 6.235930656E-12 6.265842952E-12 6.301158745E-12 
0 0 0 0 0 7.524054898E-12 6.298936418E-12 6.272570651E-12 6.255652254E-12 6.277390476E-12 6.276461241E-12 6.733345472E-12 7.110109128E-12 6.369084811E-12 6.312795209E-12 6.263642772E-12 6.237200034E-12 6.277313589E-12 6.223734847E-12 6.328337494E-12 6.27862427E-12 6.27412826E-12 6.280385811E-12 6.264483225E-12 6.26019542E-12 6.245668441E-12 6.252786279E-12 6.268764888E-12 6.228367913E-12 6.216782012E-12 6.247210395E-12 6.285074E-12 
0 0 0 0 0 0 7.462276726E-12 6.280358124E-12 6.220544288E-12 6.242602807E-12 6.234954415E-12 6.265071397E-12 6.340320519E-12 7.085360016E-12 6.372979402E-12 6.243364194E-12 6.202385236E-12 6.243601495E-12 6.18775652E-12 6.249236168E-12 6.239450686E-12 6.245689665E-12 6.249985809E-12 6.237330839E-12 6.227666776E-12 6.212275689E-12 6.21908967E-12 6.235767155E-12 6.194869711E-12 6.185598667E-12 6.216530949E-12 6.254779439E-12 
0 0 0 0 0 0 0 7.648723815E-12 6.259344556E-12 6.281941382E-12 6.271675129E-12 6.285182344E-12 6.283809302E-12 6.388706255E-12 7.296589438E-12 6.384454153E-12 6.244244171E-12 6.282012252E-12 6.227901461E-12 6.285163656E-12 6.275057376E-12 6.282560876E-12 6.297725375E-12 6.283920418E-12 6.267054612E-12 6.254125871E-12 6.25920604E-12 6.274923528E-12 6.235306929E-12 6.225939312E-12 6.258356555E-12 6.297181811E-12 
0 0 0 0 0 0 0 0 6.263514057E-12 6.284970364E-12 6.274624878E-12 6.284539417E-12 6.278859387E-12 6.298454945E-12 6.438250877E-12 7.237627037E-12 6.247982351E-12 6.285884707E-12 6.230653893E-12 6.28877693E-12 6.280072796E-12 6.28452678E-12 6.299962315E-12 6.308960873E-12 6.273174142E-12 6.25641404E-12 6.266195819E-12 6.279446293E-12 6.240834022E-12 6.23153116E-12 6.265193185E-12 6.309355517E-12 
0 0 0 0 0 0 0 0 0 7.504977757E-12 6.294602808E-12 6.281167305E-12 6.264721247E-12 6.26819363E-12 6.29670587E-12 6.256815648E-12 7.245229233E-12 6.400886317E-12 6.237819971E-12 6.284040628E-12 6.267852334E-12 6.267582212E-12 6.278021101E-12 6.264915325E-12 6.295055603E-12 6.259145401E-12 6.260671824E-12 6.271903695E-12 6.229983264E-12 6.218256397E-12 6.250394166E-12 6.28608804E-12 
0 0 0 0 0 0 0 0 0 0 7.547502518E-12 6.308073487E-12 6.267296813E-12 6.268015364E-12 6.297261308E-12 6.255357921E-12 6.347819532E-12 7.180902352E-12 6.323822581E-12 6.290031687E-12 6.270327958E-12 6.268028968E-12 6.275816119E-12 6.26511848E-12 6.271762389E-12 6.256623765E-12 6.25959555E-12 6.271634009E-12 6.229233161E-12 6.217573626E-12 6.247801006E-12 6.285477337E-12 
0 0 0 0 0 0 0 0 0 0 0 7.609883222E-12 6.312416857E-12 6.295710597E-12 6.320086882E-12 6.27827461E-12 6.275089499E-12 6.41154057E-12 7.068703912E-12 6.444859019E-12 6.302620059E-12 6.293469427E-12 6.300502961E-12 6.286865743E-12 6.291624342E-12 6.277135018E-12 6.288073491E-12 6.297616886E-12 6.254055828E-12 6.241655603E-12 6.273146366E-12 6.30938855E-12 
0 0 0 0 0 0 0 0 0 0 0 0 8.220632804E-12 6.321369058E-12 6.314247305E-12 6.266159558E-12 6.251552688E-12 6.306849398E-12 6.492829889E-12 1.839141337E-11 6.743756591E-12 6.2987985E-12 6.290007285E-12 6.27355786E-12 6.272220238E-12 6.259354803E-12 6.274138287E-12 6.296024087E-12 6.248538431E-12 6.230832424E-12 6.25841533E-12 6.294901468E-12 
0 0 0 0 0 0 0 0 0 0 0 0 0 7.447730722E-12 6.31435333E-12 6.253467219E-12 6.228920396E-12 6.268878828E-12 6.22385298E-12 6.483191524E-12 7.114253929E-12 6.361625971E-12 6.281144145E-12 6.26010502E-12 6.251760193E-12 6.237157982E-12 6.247037057E-12 6.264666235E-12 6.229595576E-12 6.215164473E-12 6.243660206E-12 6.278889595E-12 
0 0 0 0 0 0 0 0 0 0 0 0 0 0 7.425759685E-12 6.278147544E-12 6.227262598E-12 6.267253039E-12 6.214896247E-12 6.280224888E-12 6.358828739E-12 7.183664843E-12 6.374723994E-12 6.270433875E-12 6.250413804E-12 6.23586075E-12 6.244602631E-12 6.265110664E-12 6.227896259E-12 6.220660507E-12 6.247394499E-12 6.280254149E-12 
0 0 0 0 0 0 0 0 0 0 0 0 0 0 0 7.568669245E-12 6.245414583E-12 6.285130576E-12 6.232089356E-12 6.290383365E-12 6.28965811E-12 6.38489802E-12 7.14205353E-12 6.38785922E-12 6.270144622E-12 6.256188804E-12 6.263478423E-12 6.278596788E-12 6.243152583E-12 6.235501433E-12 6.270446014E-12 6.307550715E-12 
0 0 0 0 0 0 0 0 0 0 0 0 0 0 0 0 6.251191889E-12 6.290015721E-12 6.235153406E-12 6.292319214E-12 6.286925768E-12 6.298410182E-12 6.415148058E-12 7.270678872E-12 6.275645679E-12 6.260139388E-12 6.268124891E-12 6.284964567E-12 6.246400984E-12 6.237505241E-12 6.275439687E-12 6.334381125E-12 
0 0 0 0 0 0 0 0 0 0 0 0 0 0 0 0 0 7.502715989E-12 6.254486189E-12 6.286511541E-12 6.268755615E-12 6.269760855E-12 6.277893386E-12 6.26545903E-12 7.261693273E-12 6.371448649E-12 6.274676431E-12 6.277376652E-12 6.231918999E-12 6.221769177E-12 6.249982751E-12 6.287505173E-12 
0 0 0 0 0 0 0 0 0 0 0 0 0 0 0 0 0 0 7.500490652E-12 6.339732816E-12 6.310550087E-12 6.306270372E-12 6.315343886E-12 6.302668465E-12 6.410545933E-12 7.118593306E-12 6.394624955E-12 6.319501628E-12 6.269098752E-12 6.25556311E-12 6.284960671E-12 6.320640709E-12 
0 0 0 0 0 0 0 0 0 0 0 0 0 0 0 0 0 0 0 7.286341565E-12 6.287886248E-12 6.269179695E-12 6.273974755E-12 6.26238532E-12 6.280855736E-12 6.362382988E-12 7.149807768E-12 6.381995788E-12 6.241401878E-12 6.221296572E-12 6.250495158E-12 6.285794624E-12 
0 0 0 0 0 0 0 0 0 0 0 0 0 0 0 0 0 0 0 0 7.364922275E-12 6.239631847E-12 6.228946435E-12 6.214610694E-12 6.214555535E-12 6.208171001E-12 6.307762526E-12 7.139614976E-12 6.277665853E-12 6.177089277E-12 6.201263593E-12 6.234457958E-12 
0 0 0 0 0 0 0 0 0 0 0 0 0 0 0 0 0 0 0 0 0 7.37801519E-12 6.308322804E-12 6.274511927E-12 6.267741377E-12 6.254461409E-12 6.27362136E-12 6.385976302E-12 7.098423494E-12 6.335063211E-12 6.267764466E-12 6.295408093E-12 
0 0 0 0 0 0 0 0 0 0 0 0 0 0 0 0 0 0 0 0 0 0 7.455985842E-12 6.286733893E-12 6.254084852E-12 6.238730641E-12 6.249833332E-12 6.275250002E-12 6.330641098E-12 7.085463818E-12 6.354468623E-12 6.295988791E-12 
0 0 0 0 0 0 0 0 0 0 0 0 0 0 0 0 0 0 0 0 0 0 0 7.51270433E-12 6.286083779E-12 6.271467754E-12 6.279926596E-12 6.298460266E-12 6.268986849E-12 6.350900251E-12 7.140209463E-12 6.428743128E-12 
0 0 0 0 0 0 0 0 0 0 0 0 0 0 0 0 0 0 0 0 0 0 0 0 6.252671389E-12 6.23653798E-12 6.245381355E-12 6.261746347E-12 6.225232523E-12 6.226692789E-12 6.367556571E-12 7.388520788E-12 
0 0 0 0 0 0 0 0 0 0 0 0 0 0 0 0 0 0 0 0 0 0 0 0 0 7.484054658E-12 6.279142257E-12 6.258578137E-12 6.2087985E-12 6.195597273E-12 6.225142197E-12 6.259949262E-12 
0 0 0 0 0 0 0 0 0 0 0 0 0 0 0 0 0 0 0 0 0 0 0 0 0 0 7.477488812E-12 6.295080376E-12 6.220700852E-12 6.203910983E-12 6.231633597E-12 6.266273352E-12 
0 0 0 0 0 0 0 0 0 0 0 0 0 0 0 0 0 0 0 0 0 0 0 0 0 0 0 7.598378321E-12 6.225377761E-12 6.184598719E-12 6.20682626E-12 6.241945451E-12 
0 0 0 0 0 0 0 0 0 0 0 0 0 0 0 0 0 0 0 0 0 0 0 0 0 0 0 0 7.441603538E-12 6.249290291E-12 6.24923262E-12 6.278518675E-12 
0 0 0 0 0 0 0 0 0 0 0 0 0 0 0 0 0 0 0 0 0 0 0 0 0 0 0 0 0 7.497744631E-12 6.257974332E-12 6.265218707E-12 
0 0 0 0 0 0 0 0 0 0 0 0 0 0 0 0 0 0 0 0 0 0 0 0 0 0 0 0 0 0 7.413624302E-12 6.294516228E-12 
0 0 0 0 0 0 0 0 0 0 0 0 0 0 0 0 0 0 0 0 0 0 0 0 0 0 0 0 0 0 0 7.671479029E-12 
0 0 0 0 0 0 0 0 0 0 0 0 0 0 0 0 0 0 0 0 0 0 0 0 0 0 0 0 0 0 0 0 
