32 32
0 7.57946735E-12 6.302011655E-12 6.270725784E-12 6.254575809E-12 6.276603691E-12 6.251513475E-12 6.254354326E-12 7.237184523E-12 6.401284978E-12 6.277595209E-12 6.272113225E-12 6.260958532E-12 6.267661224E-12 6.296488835E-12 6.254044819E-12 6.27107851E-12 6.287600566E-12 6.225369855E-12 6.279110821E-12 6.265515918E-12 6.266135802E-12 6.274705632E-12 6.263871553E-12 6.269700168E-12 6.24718458E-12 6.252599875E-12 6.26540183E-12 6.224992502E-12 6.214087602E-12 6.245356886E-12 6.281751993E-12 
0 0 7.592503721E-12 6.329750369E-12 6.291596657E-12 6.305015602E-12 6.281949142E-12 6.2847834E-12 6.393971585E-12 7.144387775E-12 6.408024417E-12 6.312495013E-12 6.294673732E-12 6.298054656E-12 6.324270069E-12 6.283047462E-12 6.27764153E-12 6.316686655E-12 6.256476377E-12 6.310579833E-12 6.294661015E-12 6.294663589E-12 6.304599747E-12 6.292215618E-12 6.292264866E-12 6.27570941E-12 6.282564823E-12 6.297259059E-12 6.255422025E-12 6.24468199E-12 6.276800322E-12 6.312496556E-12 
0 0 0 7.451718961E-12 6.273516372E-12 6.263561104E-12 6.235847146E-12 6.236585256E-12 6.250921344E-12 6.359976995E-12 7.182842712E-12 6.35336449E-12 6.256614281E-12 6.252953227E-12 6.278070197E-12 6.234226694E-12 6.220450805E-12 6.263374507E-12 6.210769917E-12 6.268281293E-12 6.249999402E-12 6.249007382E-12 6.257342378E-12 6.245484339E-12 6.243418151E-12 6.227220373E-12 6.233494541E-12 6.250271218E-12 6.20736567E-12 6.197917624E-12 6.227430473E-12 6.263789541E-12 
0 0 0 0 7.55078553E-12 6.335771481E-12 6.282526068E-12 6.279748454E-12 6.27575064E-12 6.305600222E-12 6.390797734E-12 7.234267094E-12 6.378802901E-12 6.299566253E-12 6.318954662E-12 6.274894573E-12 6.257410159E-12 6.296632888E-12 6.245886476E-12 6.311891356E-12 6.290865031E-12 6.289249979E-12 6.297453879E-12 6.283625287E-12 6.28111704E-12 6.26476018E-12 6.272222026E-12 6.291010246E-12 6.246748011E-12 6.236861677E-12 6.267000193E-12 6.305238494E-12 
0 0 0 0 0 7.528698601E-12 6.300792738E-12 6.275804882E-12 6.255789705E-12 6.281213818E-12 6.281525011E-12 6.388729539E-12 7.165799677E-12 6.373056531E-12 6.316633488E-12 6.265574365E-12 6.239295566E-12 6.279121317E-12 6.226549853E-12 6.289561379E-12 6.279389342E-12 6.275753061E-12 6.283290693E-12 6.270355615E-12 6.263675154E-12 6.248738984E-12 6.256798084E-12 6.273447909E-12 6.230692977E-12 6.220885032E-12 6.252778793E-12 6.289789992E-12 
0 0 0 0 0 0 7.465215742E-12 6.28193526E-12 6.221711392E-12 6.244702585E-12 6.235716735E-12 6.253618122E-12 6.346616919E-12 7.087669561E-12 6.377674017E-12 6.246919044E-12 6.206352793E-12 6.24521627E-12 6.190767028E-12 6.251847373E-12 6.239519666E-12 6.246717301E-12 6.251622396E-12 6.240928135E-12 6.22986329E-12 6.213758216E-12 6.221374609E-12 6.238132746E-12 6.198294761E-12 6.18885848E-12 6.218548935E-12 6.256246385E-12 
0 0 0 0 0 0 0 7.651870966E-12 6.262459333E-12 6.284710694E-12 6.273333807E-12 6.282027519E-12 6.288201628E-12 6.38925328E-12 7.301154657E-12 6.386061285E-12 6.246127E-12 6.283645806E-12 6.230403963E-12 6.289519744E-12 6.279472841E-12 6.284666851E-12 6.300890925E-12 6.285640744E-12 6.27017408E-12 6.255186057E-12 6.263441079E-12 6.278188143E-12 6.237653214E-12 6.228500921E-12 6.260027834E-12 6.298572249E-12 
0 0 0 0 0 0 0 0 6.265751441E-12 6.286453092E-12 6.275601555E-12 6.282402516E-12 6.282110644E-12 6.302430703E-12 6.440711658E-12 7.240092448E-12 6.249203534E-12 6.28781408E-12 6.233319387E-12 6.289818764E-12 6.279650603E-12 6.284639979E-12 6.300395029E-12 6.309084578E-12 6.27292497E-12 6.257320649E-12 6.26598326E-12 6.280904172E-12 6.242786672E-12 6.232576771E-12 6.266277096E-12 6.310045731E-12 
0 0 0 0 0 0 0 0 0 7.509711949E-12 6.295806262E-12 6.278157765E-12 6.265795673E-12 6.269762117E-12 6.298761594E-12 6.254986636E-12 7.244552173E-12 6.399642365E-12 6.238603634E-12 6.286155231E-12 6.269184947E-12 6.26965364E-12 6.278576934E-12 6.266950489E-12 6.296296711E-12 6.262172157E-12 6.262705196E-12 6.273601388E-12 6.232955154E-12 6.22179786E-12 6.252131686E-12 6.289605508E-12 
0 0 0 0 0 0 0 0 0 0 7.552195469E-12 6.296992445E-12 6.270020497E-12 6.272003314E-12 6.301193638E-12 6.258014008E-12 6.351902346E-12 7.186612444E-12 6.325418413E-12 6.299764495E-12 6.272008739E-12 6.270853978E-12 6.280701345E-12 6.265016103E-12 6.274955483E-12 6.261405362E-12 6.264282112E-12 6.276379973E-12 6.231993613E-12 6.220950923E-12 6.25213947E-12 6.286906365E-12 
0 0 0 0 0 0 0 0 0 0 0 7.278364878E-12 6.312278793E-12 6.300082927E-12 6.325468964E-12 6.279889899E-12 6.27797152E-12 6.414795616E-12 7.070167851E-12 6.53348934E-12 6.305768865E-12 6.296341169E-12 6.301577764E-12 6.287605167E-12 6.290840588E-12 6.27731861E-12 6.289781757E-12 6.33953725E-12 6.25570444E-12 6.243066013E-12 6.272879081E-12 6.309115342E-12 
0 0 0 0 0 0 0 0 0 0 0 0 7.345811346E-12 6.301523624E-12 6.310584283E-12 6.267971048E-12 6.252626994E-12 6.301577198E-12 6.431419616E-12 1.689393446E-11 6.597171762E-12 6.292151256E-12 6.2896977E-12 6.274893647E-12 6.274387898E-12 6.263055042E-12 6.314958786E-12 8.283946784E-12 6.305769675E-12 6.236298124E-12 6.261282065E-12 6.297162948E-12 
0 0 0 0 0 0 0 0 0 0 0 0 0 7.457536196E-12 6.31817378E-12 6.256112463E-12 6.232397312E-12 6.271909966E-12 6.22794165E-12 6.599201975E-12 7.120184438E-12 6.364495597E-12 6.282542965E-12 6.262971314E-12 6.255520853E-12 6.239129932E-12 6.251687054E-12 6.326817848E-12 6.233325656E-12 6.218577569E-12 6.245594054E-12 6.280382695E-12 
0 0 0 0 0 0 0 0 0 0 0 0 0 0 7.42740726E-12 6.27974211E-12 6.229731779E-12 6.268828042E-12 6.216186546E-12 6.290163698E-12 6.360096354E-12 7.187265296E-12 6.379811704E-12 6.27250431E-12 6.252034139E-12 6.237200724E-12 6.245358901E-12 6.264864883E-12 6.225876645E-12 6.222521908E-12 6.248349999E-12 6.282356712E-12 
0 0 0 0 0 0 0 0 0 0 0 0 0 0 0 7.568556193E-12 6.244879418E-12 6.284826434E-12 6.230716718E-12 6.291248946E-12 6.290711645E-12 6.384860286E-12 7.143443147E-12 6.389055715E-12 6.272008731E-12 6.255274956E-12 6.264175603E-12 6.280246222E-12 6.243408966E-12 6.237530824E-12 6.273776175E-12 6.310545107E-12 
0 0 0 0 0 0 0 0 0 0 0 0 0 0 0 0 6.253714415E-12 6.291563962E-12 6.235490311E-12 6.297414254E-12 6.28526768E-12 6.300280256E-12 6.415063467E-12 7.27288506E-12 6.277645398E-12 6.262533916E-12 6.271487112E-12 6.284442615E-12 6.247568291E-12 6.23949524E-12 6.277972623E-12 6.33539636E-12 
0 0 0 0 0 0 0 0 0 0 0 0 0 0 0 0 0 7.505789797E-12 6.25547572E-12 6.289105506E-12 6.269578971E-12 6.269692765E-12 6.278951423E-12 6.267299192E-12 7.264212512E-12 6.373887171E-12 6.276721077E-12 6.278182763E-12 6.23355284E-12 6.222521676E-12 6.25372835E-12 6.28741305E-12 
0 0 0 0 0 0 0 0 0 0 0 0 0 0 0 0 0 0 7.499403496E-12 6.351951716E-12 6.310902598E-12 6.306962098E-12 6.314616985E-12 6.303137488E-12 6.412750926E-12 7.121688814E-12 6.39748836E-12 6.325512724E-12 6.271296978E-12 6.259474821E-12 6.288488809E-12 6.32447788E-12 
0 0 0 0 0 0 0 0 0 0 0 0 0 0 0 0 0 0 0 7.583317649E-12 6.306531835E-12 6.272261024E-12 6.277803197E-12 6.265467358E-12 6.281560645E-12 6.362067803E-12 7.124852376E-12 6.489214553E-12 6.246878113E-12 6.222079066E-12 6.250532507E-12 6.286408667E-12 
0 0 0 0 0 0 0 0 0 0 0 0 0 0 0 0 0 0 0 0 8.17793139E-12 6.255860437E-12 6.235087488E-12 6.217824231E-12 6.221617797E-12 6.219608824E-12 6.483638971E-12 1.853002981E-11 6.556302046E-12 6.19146837E-12 6.206866492E-12 6.239272419E-12 
0 0 0 0 0 0 0 0 0 0 0 0 0 0 0 0 0 0 0 0 0 7.374078376E-12 6.309286175E-12 6.276128729E-12 6.268292309E-12 6.255660873E-12 6.276703956E-12 6.627200362E-12 7.055616607E-12 6.333027713E-12 6.270280953E-12 6.298301859E-12 
0 0 0 0 0 0 0 0 0 0 0 0 0 0 0 0 0 0 0 0 0 0 7.457905908E-12 6.289387709E-12 6.254655296E-12 6.23978045E-12 6.251917378E-12 6.278703274E-12 6.332463944E-12 7.088480858E-12 6.355831674E-12 6.299544978E-12 
0 0 0 0 0 0 0 0 0 0 0 0 0 0 0 0 0 0 0 0 0 0 0 7.517454191E-12 6.287702804E-12 6.274212618E-12 6.281804828E-12 6.300013449E-12 6.271310844E-12 6.35493457E-12 7.144982616E-12 6.432397482E-12 
0 0 0 0 0 0 0 0 0 0 0 0 0 0 0 0 0 0 0 0 0 0 0 0 6.254278201E-12 6.240675174E-12 6.247186215E-12 6.265433921E-12 6.226994264E-12 6.230456001E-12 6.370653498E-12 7.39141315E-12 
0 0 0 0 0 0 0 0 0 0 0 0 0 0 0 0 0 0 0 0 0 0 0 0 0 7.48624877E-12 6.283457918E-12 6.263846064E-12 6.215350826E-12 6.200230086E-12 6.23143537E-12 6.268087985E-12 
0 0 0 0 0 0 0 0 0 0 0 0 0 0 0 0 0 0 0 0 0 0 0 0 0 0 7.48028321E-12 6.291095104E-12 6.222599297E-12 6.203361565E-12 6.233927787E-12 6.26858856E-12 
0 0 0 0 0 0 0 0 0 0 0 0 0 0 0 0 0 0 0 0 0 0 0 0 0 0 0 7.492092291E-12 6.222010197E-12 6.183295926E-12 6.207498549E-12 6.241926992E-12 
0 0 0 0 0 0 0 0 0 0 0 0 0 0 0 0 0 0 0 0 0 0 0 0 0 0 0 0 7.325148172E-12 6.246053347E-12 6.249200247E-12 6.278373932E-12 
0 0 0 0 0 0 0 0 0 0 0 0 0 0 0 0 0 0 0 0 0 0 0 0 0 0 0 0 0 7.496098161E-12 6.261604715E-12 6.270650439E-12 
0 0 0 0 0 0 0 0 0 0 0 0 0 0 0 0 0 0 0 0 0 0 0 0 0 0 0 0 0 0 7.41837293E-12 6.296537055E-12 
0 0 0 0 0 0 0 0 0 0 0 0 0 0 0 0 0 0 0 0 0 0 0 0 0 0 0 0 0 0 0 7.674827146E-12 
0 0 0 0 0 0 0 0 0 0 0 0 0 0 0 0 0 0 0 0 0 0 0 0 0 0 0 0 0 0 0 0 
