32 32
0 7.584330997E-12 6.304683154E-12 6.272644864E-12 6.254113265E-12 6.275418679E-12 6.255052594E-12 6.257482067E-12 7.244782088E-12 6.403604498E-12 6.282306203E-12 6.275420391E-12 6.263933958E-12 6.266057043E-12 6.298059041E-12 6.255999528E-12 6.271437254E-12 6.288157059E-12 6.227617005E-12 6.279354826E-12 6.267386224E-12 6.26881783E-12 6.277943693E-12 6.265679044E-12 6.27312522E-12 6.251844919E-12 6.259781207E-12 6.272904382E-12 6.231056784E-12 6.219886939E-12 6.252046135E-12 6.287260656E-12 
0 0 7.597605521E-12 6.334134938E-12 6.292124806E-12 6.308910171E-12 6.28596142E-12 6.28783133E-12 6.397550539E-12 7.148463331E-12 6.409867715E-12 6.315206438E-12 6.29743398E-12 6.301670903E-12 6.328753852E-12 6.286259496E-12 6.281094315E-12 6.321270984E-12 6.259984084E-12 6.31000954E-12 6.296815009E-12 6.296909701E-12 6.307046264E-12 6.293487894E-12 6.295010703E-12 6.278414955E-12 6.287274872E-12 6.300903451E-12 6.258502782E-12 6.249802483E-12 6.279754242E-12 6.316688122E-12 
0 0 0 7.453242164E-12 6.274603964E-12 6.26951495E-12 6.242527953E-12 6.241803764E-12 6.255965503E-12 6.363726173E-12 7.188631998E-12 6.358991739E-12 6.260656225E-12 6.259120639E-12 6.282752747E-12 6.239609142E-12 6.227235776E-12 6.265698246E-12 6.217868053E-12 6.270172806E-12 6.254197334E-12 6.252290068E-12 6.260255196E-12 6.250171815E-12 6.247664407E-12 6.230665657E-12 6.239382346E-12 6.254112731E-12 6.213728189E-12 6.202570247E-12 6.234156886E-12 6.268540335E-12 
0 0 0 0 7.524340353E-12 6.351565686E-12 6.289643141E-12 6.286173135E-12 6.281597115E-12 6.313089668E-12 6.396407365E-12 7.241858294E-12 6.39297598E-12 6.332679166E-12 6.326836409E-12 6.281779706E-12 6.263712041E-12 6.302804434E-12 6.252420016E-12 6.312235245E-12 6.296409012E-12 6.293019326E-12 6.299526633E-12 6.287032554E-12 6.28396294E-12 6.270458614E-12 6.2790934E-12 6.294299018E-12 6.253086739E-12 6.238333282E-12 6.271577985E-12 6.308726333E-12 
0 0 0 0 0 1.675912831E-11 6.319554544E-12 6.282383765E-12 6.261506097E-12 6.285995169E-12 6.284957594E-12 6.402897087E-12 1.850855678E-11 1.794892914E-11 6.341886875E-12 6.274471984E-12 6.244221095E-12 6.282141151E-12 6.229452044E-12 6.291390101E-12 6.298246421E-12 6.295561461E-12 6.291485857E-12 6.275009901E-12 6.266605688E-12 6.252759576E-12 6.259845478E-12 6.276308032E-12 6.236601918E-12 6.227115087E-12 6.258664341E-12 6.292565623E-12 
0 0 0 0 0 0 7.435147935E-12 6.279817928E-12 6.224016949E-12 6.246356174E-12 6.241092567E-12 6.275318363E-12 1.604075442E-11 1.818786935E-11 6.380929161E-12 6.248666843E-12 6.210699694E-12 6.248883521E-12 6.195435183E-12 6.257336157E-12 6.257563446E-12 6.263869724E-12 6.259532945E-12 6.244366784E-12 6.234646575E-12 6.218715453E-12 6.224522963E-12 6.241772598E-12 6.201535001E-12 6.191902314E-12 6.222766478E-12 6.260627257E-12 
0 0 0 0 0 0 0 7.657526254E-12 6.267080235E-12 6.287546785E-12 6.278367793E-12 6.289371061E-12 6.313439089E-12 6.402458847E-12 7.303212805E-12 6.390869955E-12 6.249404221E-12 6.288556777E-12 6.235286612E-12 6.291686337E-12 6.282964392E-12 6.28945409E-12 6.304778733E-12 6.291789476E-12 6.273037067E-12 6.258846918E-12 6.266186276E-12 6.281394814E-12 6.24164817E-12 6.23296333E-12 6.265103506E-12 6.302145942E-12 
0 0 0 0 0 0 0 0 6.267303906E-12 6.290263314E-12 6.279169618E-12 6.287172004E-12 6.28671566E-12 6.305413146E-12 6.445498887E-12 7.243114871E-12 6.25332787E-12 6.293402147E-12 6.238739572E-12 6.295792526E-12 6.284974365E-12 6.290869544E-12 6.306837355E-12 6.316984688E-12 6.279145331E-12 6.261957659E-12 6.270992083E-12 6.285866982E-12 6.246347929E-12 6.237336752E-12 6.271332002E-12 6.313227776E-12 
0 0 0 0 0 0 0 0 0 7.515459853E-12 6.300438627E-12 6.282281662E-12 6.269693802E-12 6.27636478E-12 6.305207502E-12 6.260851852E-12 7.252403317E-12 6.40695243E-12 6.247892273E-12 6.289593342E-12 6.274930814E-12 6.273932452E-12 6.282393539E-12 6.271609369E-12 6.300056528E-12 6.264417152E-12 6.264013023E-12 6.276200367E-12 6.233876377E-12 6.224893142E-12 6.253401229E-12 6.289200214E-12 
0 0 0 0 0 0 0 0 0 0 7.558866576E-12 6.304743867E-12 6.274600901E-12 6.277701585E-12 6.30514673E-12 6.261467058E-12 6.354040063E-12 7.188669748E-12 6.33200978E-12 6.297956786E-12 6.277404035E-12 6.276159049E-12 6.283948277E-12 6.271993465E-12 6.278461359E-12 6.266473766E-12 6.268795942E-12 6.280873989E-12 6.237834603E-12 6.225969885E-12 6.256365635E-12 6.292828588E-12 
0 0 0 0 0 0 0 0 0 0 0 7.359006406E-12 6.315162102E-12 6.304283099E-12 6.328191922E-12 6.284991349E-12 6.283316922E-12 6.421557239E-12 7.100869962E-12 6.411088445E-12 6.309417654E-12 6.299871498E-12 6.306160944E-12 6.294297E-12 6.296163267E-12 6.285021456E-12 6.295712694E-12 6.304914587E-12 6.262450876E-12 6.249437503E-12 6.279789416E-12 6.316393829E-12 
0 0 0 0 0 0 0 0 0 0 0 0 7.410444582E-12 6.326151882E-12 6.316951449E-12 6.271114857E-12 6.255254626E-12 6.304563065E-12 6.341724017E-12 7.16170102E-12 6.39683221E-12 6.295104979E-12 6.294508884E-12 6.2788062E-12 6.276988668E-12 6.264089304E-12 6.276960305E-12 6.297217518E-12 6.251645405E-12 6.235879921E-12 6.264950173E-12 6.300464783E-12 
0 0 0 0 0 0 0 0 0 0 0 0 0 1.886116883E-11 6.335692907E-12 6.262458382E-12 6.235613504E-12 6.276917701E-12 6.228718949E-12 6.365540544E-12 7.156094408E-12 6.36749784E-12 6.286543446E-12 6.26622373E-12 6.257467184E-12 6.242340306E-12 6.252251399E-12 6.270446525E-12 6.237531952E-12 6.221388434E-12 6.250403811E-12 6.284199847E-12 
0 0 0 0 0 0 0 0 0 0 0 0 0 0 7.407957317E-12 6.282502539E-12 6.233323863E-12 6.271950191E-12 6.220943631E-12 6.286921488E-12 6.364753807E-12 7.176134141E-12 6.37642276E-12 6.275866234E-12 6.256305095E-12 6.240425767E-12 6.249105143E-12 6.266596703E-12 6.227724714E-12 6.222986971E-12 6.250702958E-12 6.285001118E-12 
0 0 0 0 0 0 0 0 0 0 0 0 0 0 0 7.572432958E-12 6.248747146E-12 6.29003151E-12 6.237873978E-12 6.295893125E-12 6.295629909E-12 6.390345852E-12 7.147601787E-12 6.393009748E-12 6.274801113E-12 6.25952129E-12 6.268829667E-12 6.286872637E-12 6.250011838E-12 6.242306307E-12 6.278495525E-12 6.314575825E-12 
0 0 0 0 0 0 0 0 0 0 0 0 0 0 0 0 6.255729503E-12 6.294750588E-12 6.240819371E-12 6.298113148E-12 6.291188089E-12 6.30543367E-12 6.422319417E-12 7.278981737E-12 6.281633149E-12 6.265894305E-12 6.274955384E-12 6.289942031E-12 6.252035997E-12 6.242951591E-12 6.281192307E-12 6.3396663E-12 
0 0 0 0 0 0 0 0 0 0 0 0 0 0 0 0 0 7.508915606E-12 6.260819542E-12 6.293351507E-12 6.27625545E-12 6.274857888E-12 6.284412564E-12 6.272220966E-12 7.267199344E-12 6.376828276E-12 6.281098652E-12 6.28387765E-12 6.238058824E-12 6.225258785E-12 6.255649596E-12 6.292037445E-12 
0 0 0 0 0 0 0 0 0 0 0 0 0 0 0 0 0 0 7.509662194E-12 6.349902647E-12 6.316239386E-12 6.312202643E-12 6.322328745E-12 6.308003299E-12 6.418157145E-12 7.129513092E-12 6.404374768E-12 6.331197393E-12 6.279251759E-12 6.265268957E-12 6.295256559E-12 6.330093836E-12 
0 0 0 0 0 0 0 0 0 0 0 0 0 0 0 0 0 0 0 7.396363413E-12 6.298234995E-12 6.278665669E-12 6.284884443E-12 6.271307827E-12 6.286023937E-12 6.369658621E-12 7.155826942E-12 6.388975676E-12 6.247921946E-12 6.228315587E-12 6.254412187E-12 6.289649565E-12 
0 0 0 0 0 0 0 0 0 0 0 0 0 0 0 0 0 0 0 0 7.501843022E-12 6.247538879E-12 6.236840433E-12 6.221990152E-12 6.221043408E-12 6.215297865E-12 6.315394781E-12 7.148785367E-12 6.288443016E-12 6.187920661E-12 6.210733098E-12 6.242081626E-12 
0 0 0 0 0 0 0 0 0 0 0 0 0 0 0 0 0 0 0 0 0 7.382112465E-12 6.312525729E-12 6.28440385E-12 6.272139602E-12 6.260425616E-12 6.279924879E-12 6.392777623E-12 7.106743334E-12 6.341265269E-12 6.276905487E-12 6.302014742E-12 
0 0 0 0 0 0 0 0 0 0 0 0 0 0 0 0 0 0 0 0 0 0 7.464140587E-12 6.294467294E-12 6.259539106E-12 6.245118074E-12 6.255654057E-12 6.281729655E-12 6.334673666E-12 7.092657956E-12 6.36157423E-12 6.303964344E-12 
0 0 0 0 0 0 0 0 0 0 0 0 0 0 0 0 0 0 0 0 0 0 0 7.520774716E-12 6.29310509E-12 6.277981155E-12 6.287288337E-12 6.306812141E-12 6.275579875E-12 6.35714609E-12 7.145403273E-12 6.432291336E-12 
0 0 0 0 0 0 0 0 0 0 0 0 0 0 0 0 0 0 0 0 0 0 0 0 6.257430937E-12 6.2415464E-12 6.249301889E-12 6.268743444E-12 6.233614805E-12 6.233674998E-12 6.374370422E-12 7.393123785E-12 
0 0 0 0 0 0 0 0 0 0 0 0 0 0 0 0 0 0 0 0 0 0 0 0 0 7.491709151E-12 6.286101238E-12 6.267795457E-12 6.220203836E-12 6.202480044E-12 6.23511307E-12 6.271241715E-12 
0 0 0 0 0 0 0 0 0 0 0 0 0 0 0 0 0 0 0 0 0 0 0 0 0 0 7.48695661E-12 6.303354498E-12 6.230641263E-12 6.21083987E-12 6.23938288E-12 6.275173108E-12 
0 0 0 0 0 0 0 0 0 0 0 0 0 0 0 0 0 0 0 0 0 0 0 0 0 0 0 7.608198769E-12 6.234677066E-12 6.190531237E-12 6.216149073E-12 6.250743608E-12 
0 0 0 0 0 0 0 0 0 0 0 0 0 0 0 0 0 0 0 0 0 0 0 0 0 0 0 0 7.448360273E-12 6.255369076E-12 6.255283545E-12 6.286121814E-12 
0 0 0 0 0 0 0 0 0 0 0 0 0 0 0 0 0 0 0 0 0 0 0 0 0 0 0 0 0 7.503283549E-12 6.264764672E-12 6.27502659E-12 
0 0 0 0 0 0 0 0 0 0 0 0 0 0 0 0 0 0 0 0 0 0 0 0 0 0 0 0 0 0 7.422454294E-12 6.301311167E-12 
0 0 0 0 0 0 0 0 0 0 0 0 0 0 0 0 0 0 0 0 0 0 0 0 0 0 0 0 0 0 0 7.678637976E-12 
0 0 0 0 0 0 0 0 0 0 0 0 0 0 0 0 0 0 0 0 0 0 0 0 0 0 0 0 0 0 0 0 
