32 32
0 7.585776334E-12 6.308306495E-12 6.273642403E-12 6.258695905E-12 6.2734326E-12 6.251812448E-12 6.256936195E-12 7.243519803E-12 6.404342574E-12 6.285216682E-12 6.278735626E-12 6.267247663E-12 6.272125816E-12 6.299941527E-12 6.25824148E-12 6.272733265E-12 6.290997836E-12 6.231911072E-12 6.280852557E-12 6.270458315E-12 6.268755857E-12 6.280975661E-12 6.268397726E-12 6.275596959E-12 6.254364941E-12 6.261579374E-12 6.274494442E-12 6.232184857E-12 6.221243404E-12 6.253120102E-12 6.290138159E-12 
0 0 7.602419074E-12 6.335262033E-12 6.296618453E-12 6.308228627E-12 6.285804541E-12 6.291678944E-12 6.398916667E-12 7.15108843E-12 6.414860627E-12 6.319689567E-12 6.302243534E-12 6.304984617E-12 6.331788616E-12 6.289996607E-12 6.283951638E-12 6.323702865E-12 6.263123444E-12 6.314622388E-12 6.301363822E-12 6.301029104E-12 6.309160964E-12 6.29717212E-12 6.297450405E-12 6.281114112E-12 6.286677002E-12 6.300997185E-12 6.261119321E-12 6.251530109E-12 6.281714385E-12 6.318279878E-12 
0 0 0 7.456778859E-12 6.277640833E-12 6.269572145E-12 6.243344057E-12 6.243628845E-12 6.257221909E-12 6.365311888E-12 7.18931334E-12 6.361490017E-12 6.261458841E-12 6.257101226E-12 6.283836886E-12 6.242118833E-12 6.229475854E-12 6.269230904E-12 6.218363803E-12 6.270142261E-12 6.254930685E-12 6.252573535E-12 6.259858803E-12 6.248807849E-12 6.247518873E-12 6.232579746E-12 6.24057521E-12 6.256542054E-12 6.212558017E-12 6.203247964E-12 6.233721619E-12 6.269534621E-12 
0 0 0 0 7.550588677E-12 6.338416729E-12 6.299725826E-12 6.286190404E-12 6.281702658E-12 6.313936846E-12 6.398688611E-12 7.243232355E-12 6.386643958E-12 6.306995091E-12 6.326219575E-12 6.282286447E-12 6.26366624E-12 6.305561536E-12 6.252824246E-12 6.313661431E-12 6.298324648E-12 6.294622567E-12 6.301750738E-12 6.287938902E-12 6.283061376E-12 6.270347929E-12 6.27920019E-12 6.293370933E-12 6.252112023E-12 6.241829164E-12 6.274717525E-12 6.307958782E-12 
0 0 0 0 0 7.480397817E-12 6.760559043E-12 6.279772471E-12 6.26071709E-12 6.284703215E-12 6.283593823E-12 6.395314658E-12 7.159966868E-12 6.365005722E-12 6.317641753E-12 6.26767743E-12 6.24329707E-12 6.281856061E-12 6.229756884E-12 6.289859117E-12 6.283930278E-12 6.278407715E-12 6.285200834E-12 6.27257121E-12 6.26537004E-12 6.249022488E-12 6.256394302E-12 6.273258481E-12 6.233778525E-12 6.225356283E-12 6.258220531E-12 6.292336936E-12 
0 0 0 0 0 0 8.300237087E-11 6.691399027E-12 6.226364218E-12 6.24623287E-12 6.239078435E-12 6.256519204E-12 6.345088846E-12 7.080777176E-12 6.47394368E-12 6.284431883E-12 6.208801065E-12 6.247574791E-12 6.193753324E-12 6.253184215E-12 6.246249488E-12 6.254127981E-12 6.259411796E-12 6.247571602E-12 6.231327189E-12 6.216957994E-12 6.225918896E-12 6.24237088E-12 6.200073214E-12 6.191161859E-12 6.224137279E-12 6.262182685E-12 
0 0 0 0 0 0 0 7.494345373E-12 6.265475234E-12 6.288698302E-12 6.278085243E-12 6.291175533E-12 6.320602271E-12 6.456347912E-12 7.262665056E-12 6.375187861E-12 6.249251917E-12 6.288580873E-12 6.234897739E-12 6.293737534E-12 6.284757401E-12 6.288990533E-12 6.303888594E-12 6.289638766E-12 6.274118217E-12 6.25688812E-12 6.26497821E-12 6.281770766E-12 6.240182119E-12 6.231479898E-12 6.263663702E-12 6.302310858E-12 
0 0 0 0 0 0 0 0 6.270771007E-12 6.290415979E-12 6.282137203E-12 6.288153017E-12 6.285086964E-12 6.301769475E-12 6.433688701E-12 7.235089818E-12 6.253062045E-12 6.292516694E-12 6.239332515E-12 6.292798816E-12 6.285711461E-12 6.291384111E-12 6.303835955E-12 6.31330802E-12 6.278532701E-12 6.260645921E-12 6.268211346E-12 6.283163996E-12 6.245780576E-12 6.236790705E-12 6.270337108E-12 6.312188663E-12 
0 0 0 0 0 0 0 0 0 7.51544586E-12 6.301850389E-12 6.284829403E-12 6.271587374E-12 6.275546651E-12 6.304334519E-12 6.263658556E-12 7.254934828E-12 6.405959031E-12 6.247127137E-12 6.291166281E-12 6.275376824E-12 6.275337694E-12 6.284373272E-12 6.272194092E-12 6.300043792E-12 6.266903947E-12 6.269385604E-12 6.279084101E-12 6.237403567E-12 6.225983749E-12 6.257103181E-12 6.294392756E-12 
0 0 0 0 0 0 0 0 0 0 7.560807665E-12 6.304415522E-12 6.276335258E-12 6.278933164E-12 6.306471724E-12 6.264788432E-12 6.35594618E-12 7.192382978E-12 6.33415689E-12 6.298961529E-12 6.278256057E-12 6.275710257E-12 6.285130454E-12 6.273578482E-12 6.280066917E-12 6.265651697E-12 6.268722849E-12 6.2796875E-12 6.236164311E-12 6.224373337E-12 6.256290675E-12 6.291967068E-12 
0 0 0 0 0 0 0 0 0 0 0 7.361737853E-12 6.318399247E-12 6.304170956E-12 6.328287182E-12 6.286024658E-12 6.284814155E-12 6.421025116E-12 7.101556566E-12 6.413800185E-12 6.310654486E-12 6.301014189E-12 6.306846901E-12 6.295055108E-12 6.297676367E-12 6.283254098E-12 6.296124834E-12 6.306079093E-12 6.262201779E-12 6.248654534E-12 6.280333313E-12 6.31429677E-12 
0 0 0 0 0 0 0 0 0 0 0 0 7.442190972E-12 6.309802852E-12 6.318364288E-12 6.272694215E-12 6.252404724E-12 6.302975996E-12 6.338421694E-12 7.16051633E-12 6.394406472E-12 6.291418896E-12 6.292885288E-12 6.278314776E-12 6.277090031E-12 6.263451912E-12 6.273497247E-12 6.293055595E-12 6.246119512E-12 6.234214991E-12 6.26233487E-12 6.2977413E-12 
0 0 0 0 0 0 0 0 0 0 0 0 0 7.457029846E-12 6.318366134E-12 6.259240743E-12 6.233798416E-12 6.276617644E-12 6.232465756E-12 6.373673567E-12 7.174342491E-12 6.372416609E-12 6.287696108E-12 6.26671708E-12 6.257704294E-12 6.244303872E-12 6.253784946E-12 6.272843443E-12 6.237509485E-12 6.220883405E-12 6.249130931E-12 6.2853785E-12 
0 0 0 0 0 0 0 0 0 0 0 0 0 0 7.427231816E-12 6.282773468E-12 6.23430148E-12 6.271047216E-12 6.22296925E-12 6.287749872E-12 6.367902105E-12 7.191920097E-12 6.384104699E-12 6.278665484E-12 6.258523642E-12 6.244424087E-12 6.252833444E-12 6.269060853E-12 6.234466629E-12 6.229690921E-12 6.2552233E-12 6.290240874E-12 
0 0 0 0 0 0 0 0 0 0 0 0 0 0 0 7.574668577E-12 6.253322309E-12 6.292698048E-12 6.24162462E-12 6.29974567E-12 6.297991166E-12 6.39210351E-12 7.149406877E-12 6.394678217E-12 6.278680519E-12 6.264355089E-12 6.272116107E-12 6.287923374E-12 6.249916191E-12 6.242898709E-12 6.281184658E-12 6.315274508E-12 
0 0 0 0 0 0 0 0 0 0 0 0 0 0 0 0 6.25711973E-12 6.296268155E-12 6.242592379E-12 6.300677946E-12 6.293345005E-12 6.307210385E-12 6.423280951E-12 7.279965086E-12 6.282461026E-12 6.268790279E-12 6.277307023E-12 6.291284859E-12 6.253404021E-12 6.246447124E-12 6.283808658E-12 6.341301003E-12 
0 0 0 0 0 0 0 0 0 0 0 0 0 0 0 0 0 7.510287248E-12 6.26278719E-12 6.294290382E-12 6.277732086E-12 6.27738026E-12 6.285960794E-12 6.273027007E-12 7.271347419E-12 6.379753745E-12 6.283469582E-12 6.284668358E-12 6.238555341E-12 6.22685874E-12 6.25907763E-12 6.293926011E-12 
0 0 0 0 0 0 0 0 0 0 0 0 0 0 0 0 0 0 7.510376946E-12 6.351881944E-12 6.31835669E-12 6.315326218E-12 6.321375631E-12 6.310451542E-12 6.419930238E-12 7.129266593E-12 6.404877172E-12 6.332953683E-12 6.279015752E-12 6.265188139E-12 6.295164993E-12 6.32998467E-12 
0 0 0 0 0 0 0 0 0 0 0 0 0 0 0 0 0 0 0 7.398084795E-12 6.299686025E-12 6.277514455E-12 6.283137736E-12 6.270512195E-12 6.282999562E-12 6.367709665E-12 7.156976018E-12 6.388457884E-12 6.249449744E-12 6.228272713E-12 6.255985539E-12 6.28843678E-12 
0 0 0 0 0 0 0 0 0 0 0 0 0 0 0 0 0 0 0 0 7.503792018E-12 6.250251318E-12 6.238565066E-12 6.221978696E-12 6.225094297E-12 6.218132433E-12 6.317443938E-12 7.152109735E-12 6.289452477E-12 6.189345599E-12 6.208932364E-12 6.243105318E-12 
0 0 0 0 0 0 0 0 0 0 0 0 0 0 0 0 0 0 0 0 0 7.386488747E-12 6.312799237E-12 6.283743889E-12 6.274405851E-12 6.261978615E-12 6.279719608E-12 6.396071157E-12 7.107679727E-12 6.34351917E-12 6.27642459E-12 6.300268336E-12 
0 0 0 0 0 0 0 0 0 0 0 0 0 0 0 0 0 0 0 0 0 0 7.460140376E-12 6.290604631E-12 6.258575287E-12 6.247581548E-12 6.254627937E-12 6.282135553E-12 6.33690271E-12 7.093882155E-12 6.358845495E-12 6.302880908E-12 
0 0 0 0 0 0 0 0 0 0 0 0 0 0 0 0 0 0 0 0 0 0 0 7.521479156E-12 6.293115301E-12 6.276222471E-12 6.288404849E-12 6.305422534E-12 6.275520507E-12 6.35753091E-12 7.148420052E-12 6.435527277E-12 
0 0 0 0 0 0 0 0 0 0 0 0 0 0 0 0 0 0 0 0 0 0 0 0 6.254606832E-12 6.24227828E-12 6.249250764E-12 6.269183741E-12 6.231830289E-12 6.232762853E-12 6.37644244E-12 7.398489859E-12 
0 0 0 0 0 0 0 0 0 0 0 0 0 0 0 0 0 0 0 0 0 0 0 0 0 7.494723906E-12 6.289051413E-12 6.269679806E-12 6.220358314E-12 6.203182764E-12 6.232660641E-12 6.269535516E-12 
0 0 0 0 0 0 0 0 0 0 0 0 0 0 0 0 0 0 0 0 0 0 0 0 0 0 7.486095422E-12 6.300080322E-12 6.229482284E-12 6.210328879E-12 6.239301771E-12 6.272255426E-12 
0 0 0 0 0 0 0 0 0 0 0 0 0 0 0 0 0 0 0 0 0 0 0 0 0 0 0 7.606242234E-12 6.232911205E-12 6.191537132E-12 6.215259843E-12 6.248930789E-12 
0 0 0 0 0 0 0 0 0 0 0 0 0 0 0 0 0 0 0 0 0 0 0 0 0 0 0 0 7.449444867E-12 6.255121442E-12 6.255019625E-12 6.28568555E-12 
0 0 0 0 0 0 0 0 0 0 0 0 0 0 0 0 0 0 0 0 0 0 0 0 0 0 0 0 0 7.505603883E-12 6.265938437E-12 6.274866527E-12 
0 0 0 0 0 0 0 0 0 0 0 0 0 0 0 0 0 0 0 0 0 0 0 0 0 0 0 0 0 0 7.422395983E-12 6.302629046E-12 
0 0 0 0 0 0 0 0 0 0 0 0 0 0 0 0 0 0 0 0 0 0 0 0 0 0 0 0 0 0 0 7.681714145E-12 
0 0 0 0 0 0 0 0 0 0 0 0 0 0 0 0 0 0 0 0 0 0 0 0 0 0 0 0 0 0 0 0 
