32 32
0 7.479532651E-12 6.157886371E-12 6.127820538E-12 6.109523624E-12 6.127825418E-12 6.106547258E-12 6.108344204E-12 7.124517617E-12 6.258115537E-12 6.136471437E-12 6.129754283E-12 6.119275911E-12 6.123209901E-12 6.149538303E-12 6.10914997E-12 6.121596864E-12 6.14014818E-12 6.080783946E-12 6.132005561E-12 6.121036106E-12 6.119606453E-12 6.129265919E-12 6.117717389E-12 6.124952679E-12 6.104278343E-12 6.110369223E-12 6.122200055E-12 6.080464031E-12 6.070840483E-12 6.101686809E-12 6.135803791E-12 
0 0 7.483495126E-12 6.185473559E-12 6.146995437E-12 6.163356227E-12 6.13905026E-12 6.140537134E-12 6.250805038E-12 7.024285092E-12 6.265340354E-12 6.165853506E-12 6.148628389E-12 6.15073766E-12 6.180944783E-12 6.13634085E-12 6.130996088E-12 6.170908443E-12 6.111352246E-12 6.16243531E-12 6.149149932E-12 6.149954224E-12 6.160147842E-12 6.148446681E-12 6.149271122E-12 6.131699871E-12 6.139563442E-12 6.151998882E-12 6.111469916E-12 6.10164783E-12 6.133048478E-12 6.165345895E-12 
0 0 0 7.331741427E-12 6.129613353E-12 6.122610943E-12 6.094370844E-12 6.094488688E-12 6.107659874E-12 6.216858578E-12 7.061634292E-12 6.214905508E-12 6.114036411E-12 6.106325116E-12 6.132781326E-12 6.092170129E-12 6.07900249E-12 6.119536448E-12 6.067274195E-12 6.11824653E-12 6.105560885E-12 6.10507575E-12 6.112047625E-12 6.099392924E-12 6.09857226E-12 6.08308646E-12 6.09083761E-12 6.105580154E-12 6.064786908E-12 6.052589047E-12 6.084127395E-12 6.118262259E-12 
0 0 0 0 7.431746058E-12 6.192674881E-12 6.139737452E-12 6.137333791E-12 6.134133333E-12 6.163406773E-12 6.248515164E-12 7.108361873E-12 6.23673761E-12 6.158643131E-12 6.177251825E-12 6.132728806E-12 6.115475737E-12 6.155346944E-12 6.104178175E-12 6.16373079E-12 6.148623483E-12 6.145576953E-12 6.154236011E-12 6.140429636E-12 6.135748665E-12 6.120849618E-12 6.128108529E-12 6.144948523E-12 6.10288191E-12 6.091700433E-12 6.123869459E-12 6.156110516E-12 
0 0 0 0 0 7.406588915E-12 6.155172473E-12 6.131896159E-12 6.112385665E-12 6.137131936E-12 6.137418997E-12 6.249163379E-12 7.039268564E-12 6.227643383E-12 6.171419484E-12 6.119506522E-12 6.094781267E-12 6.134078476E-12 6.081364547E-12 6.1406155E-12 6.13643538E-12 6.131561143E-12 6.13715439E-12 6.122736452E-12 6.116665176E-12 6.103105475E-12 6.111079005E-12 6.126769543E-12 6.085953142E-12 6.076348281E-12 6.108541383E-12 6.140362605E-12 
0 0 0 0 0 0 7.345573039E-12 6.135267569E-12 6.075961731E-12 6.09889033E-12 6.09158935E-12 6.108267519E-12 6.204127627E-12 6.959194711E-12 6.233420945E-12 6.10042198E-12 6.061005893E-12 6.098652267E-12 6.044973591E-12 6.103680431E-12 6.09684279E-12 6.103117294E-12 6.108389999E-12 6.094662507E-12 6.085212629E-12 6.068668337E-12 6.077230724E-12 6.092525781E-12 6.052105519E-12 6.043987402E-12 6.077964297E-12 6.107804644E-12 
0 0 0 0 0 0 0 7.535723988E-12 6.117825393E-12 6.138683216E-12 6.128363797E-12 6.139570326E-12 6.144687935E-12 6.246344129E-12 7.175621398E-12 6.242425799E-12 6.100227591E-12 6.139729034E-12 6.085302385E-12 6.142952699E-12 6.134566627E-12 6.140361263E-12 6.156128398E-12 6.13995367E-12 6.127550359E-12 6.109335435E-12 6.117275692E-12 6.133445051E-12 6.093428446E-12 6.083045884E-12 6.117406083E-12 6.148290847E-12 
0 0 0 0 0 0 0 0 6.11883388E-12 6.140742289E-12 6.130799887E-12 6.138290225E-12 6.137864064E-12 6.157046683E-12 6.297335205E-12 7.110933064E-12 6.103682391E-12 6.139826112E-12 6.085860687E-12 6.143677534E-12 6.136150176E-12 6.140526377E-12 6.157770688E-12 6.165585818E-12 6.1306148E-12 6.114261521E-12 6.121137707E-12 6.136263689E-12 6.097372952E-12 6.087721141E-12 6.125388007E-12 6.15676002E-12 
0 0 0 0 0 0 0 0 0 7.39553474E-12 6.153082868E-12 6.135565251E-12 6.123517088E-12 6.128688373E-12 6.156434064E-12 6.114258822E-12 7.142349122E-12 6.258356524E-12 6.096407977E-12 6.14051929E-12 6.12660785E-12 6.126534868E-12 6.135848228E-12 6.122706199E-12 6.152792822E-12 6.11708279E-12 6.11646343E-12 6.128402975E-12 6.087083603E-12 6.076474494E-12 6.108253283E-12 6.142064806E-12 
0 0 0 0 0 0 0 0 0 0 7.436991896E-12 6.154781355E-12 6.125561231E-12 6.127337535E-12 6.155371848E-12 6.113077979E-12 6.208497606E-12 7.063056184E-12 6.184733583E-12 6.149229105E-12 6.127325417E-12 6.126533261E-12 6.134957058E-12 6.12132881E-12 6.131414771E-12 6.116225232E-12 6.11900977E-12 6.129883548E-12 6.086791745E-12 6.0754167E-12 6.107905261E-12 6.140004413E-12 
0 0 0 0 0 0 0 0 0 0 0 7.232435847E-12 6.168500409E-12 6.153747875E-12 6.17860797E-12 6.135379681E-12 6.133294777E-12 6.272346947E-12 6.968085868E-12 6.264696399E-12 6.160649667E-12 6.15105338E-12 6.15857583E-12 6.144519118E-12 6.146384654E-12 6.13375746E-12 6.146951991E-12 6.156792808E-12 6.11135477E-12 6.09743545E-12 6.127963377E-12 6.162882418E-12 
0 0 0 0 0 0 0 0 0 0 0 0 7.311235333E-12 6.160786694E-12 6.167552443E-12 6.122165717E-12 6.105476111E-12 6.153621455E-12 6.191532764E-12 7.028349045E-12 6.246665785E-12 6.146522734E-12 6.144162464E-12 6.129600657E-12 6.128057263E-12 6.112895631E-12 6.124454421E-12 6.14585838E-12 6.096798952E-12 6.082386479E-12 6.114217977E-12 6.143856569E-12 
0 0 0 0 0 0 0 0 0 0 0 0 0 7.331268121E-12 6.168679901E-12 6.108203276E-12 6.083459674E-12 6.125279604E-12 6.081220602E-12 6.22169268E-12 7.041804527E-12 6.221286811E-12 6.136190615E-12 6.114330568E-12 6.108072299E-12 6.093998294E-12 6.102326872E-12 6.12427998E-12 6.085514508E-12 6.071281665E-12 6.101422204E-12 6.129994408E-12 
0 0 0 0 0 0 0 0 0 0 0 0 0 0 7.303649798E-12 6.13484329E-12 6.083616788E-12 6.122462213E-12 6.069836747E-12 6.137794511E-12 6.218572265E-12 7.060773126E-12 6.23269614E-12 6.12908606E-12 6.107526781E-12 6.091761315E-12 6.101815352E-12 6.119021841E-12 6.081087104E-12 6.076401859E-12 6.109289071E-12 6.134039689E-12 
0 0 0 0 0 0 0 0 0 0 0 0 0 0 0 7.451267094E-12 6.102153871E-12 6.141644076E-12 6.089623153E-12 6.147244169E-12 6.14619886E-12 6.242582721E-12 7.010554726E-12 6.241458197E-12 6.125257931E-12 6.111111432E-12 6.119199004E-12 6.135497077E-12 6.09726023E-12 6.091941543E-12 6.136871368E-12 6.155511984E-12 
0 0 0 0 0 0 0 0 0 0 0 0 0 0 0 0 6.10292661E-12 6.14366653E-12 6.090487158E-12 6.149757684E-12 6.140813614E-12 6.154822939E-12 6.273054611E-12 7.145120222E-12 6.131472476E-12 6.115965389E-12 6.124961794E-12 6.139955438E-12 6.102123993E-12 6.094558712E-12 6.147425716E-12 6.178080369E-12 
0 0 0 0 0 0 0 0 0 0 0 0 0 0 0 0 0 7.387460915E-12 6.109988695E-12 6.141829172E-12 6.125948294E-12 6.12612714E-12 6.135366497E-12 6.120692706E-12 7.14106592E-12 6.230293487E-12 6.132689983E-12 6.13329897E-12 6.087474831E-12 6.075678112E-12 6.106235639E-12 6.140112656E-12 
0 0 0 0 0 0 0 0 0 0 0 0 0 0 0 0 0 0 7.384679003E-12 6.199103915E-12 6.166744968E-12 6.162711333E-12 6.170900443E-12 6.158668567E-12 6.270589785E-12 6.99660575E-12 6.254620445E-12 6.179561933E-12 6.127651216E-12 6.113903349E-12 6.144369237E-12 6.177768801E-12 
0 0 0 0 0 0 0 0 0 0 0 0 0 0 0 0 0 0 0 7.265472948E-12 6.148506162E-12 6.127911218E-12 6.133190401E-12 6.120250282E-12 6.135032554E-12 6.220745357E-12 7.024487424E-12 6.240705536E-12 6.09952101E-12 6.077173438E-12 6.106450808E-12 6.138933256E-12 
0 0 0 0 0 0 0 0 0 0 0 0 0 0 0 0 0 0 0 0 7.377626556E-12 6.097937351E-12 6.087443597E-12 6.070911282E-12 6.073541744E-12 6.066834781E-12 6.167328827E-12 7.017595737E-12 6.135319328E-12 6.035565526E-12 6.060997377E-12 6.086992103E-12 
0 0 0 0 0 0 0 0 0 0 0 0 0 0 0 0 0 0 0 0 0 7.255278721E-12 6.161309274E-12 6.129757298E-12 6.123027756E-12 6.11281316E-12 6.12963507E-12 6.24483485E-12 6.971935332E-12 6.191398304E-12 6.130273226E-12 6.147942523E-12 
0 0 0 0 0 0 0 0 0 0 0 0 0 0 0 0 0 0 0 0 0 0 7.335225531E-12 6.142153682E-12 6.107485031E-12 6.094772966E-12 6.107242627E-12 6.133502121E-12 6.188287945E-12 6.956856784E-12 6.231597889E-12 6.13958253E-12 
0 0 0 0 0 0 0 0 0 0 0 0 0 0 0 0 0 0 0 0 0 0 0 7.388734208E-12 6.142408242E-12 6.127556228E-12 6.135412752E-12 6.156239549E-12 6.123449737E-12 6.198170548E-12 7.088554819E-12 6.233688853E-12 
0 0 0 0 0 0 0 0 0 0 0 0 0 0 0 0 0 0 0 0 0 0 0 0 6.105912313E-12 6.091473943E-12 6.100085283E-12 6.114751683E-12 6.079638709E-12 6.081763541E-12 6.378029591E-12 7.149411442E-12 
0 0 0 0 0 0 0 0 0 0 0 0 0 0 0 0 0 0 0 0 0 0 0 0 0 7.367525565E-12 6.138280882E-12 6.119456555E-12 6.069595666E-12 6.054660153E-12 6.085567523E-12 6.117198836E-12 
0 0 0 0 0 0 0 0 0 0 0 0 0 0 0 0 0 0 0 0 0 0 0 0 0 0 7.361907949E-12 6.151886443E-12 6.077934143E-12 6.060506461E-12 6.089874441E-12 6.122850081E-12 
0 0 0 0 0 0 0 0 0 0 0 0 0 0 0 0 0 0 0 0 0 0 0 0 0 0 0 7.48670415E-12 6.082008863E-12 6.040632553E-12 6.066146481E-12 6.097754576E-12 
0 0 0 0 0 0 0 0 0 0 0 0 0 0 0 0 0 0 0 0 0 0 0 0 0 0 0 0 7.323072643E-12 6.10485235E-12 6.109388182E-12 6.131799454E-12 
0 0 0 0 0 0 0 0 0 0 0 0 0 0 0 0 0 0 0 0 0 0 0 0 0 0 0 0 0 7.376707493E-12 6.12539211E-12 6.113691675E-12 
0 0 0 0 0 0 0 0 0 0 0 0 0 0 0 0 0 0 0 0 0 0 0 0 0 0 0 0 0 0 7.366117253E-12 6.121087247E-12 
0 0 0 0 0 0 0 0 0 0 0 0 0 0 0 0 0 0 0 0 0 0 0 0 0 0 0 0 0 0 0 2.38153822E-11 
0 0 0 0 0 0 0 0 0 0 0 0 0 0 0 0 0 0 0 0 0 0 0 0 0 0 0 0 0 0 0 0 
