32 32
0 7.592349431E-12 6.310899707E-12 6.280806491E-12 6.264879366E-12 6.28520716E-12 6.261725055E-12 6.265352272E-12 7.25149993E-12 6.409144654E-12 6.291649289E-12 6.284784389E-12 6.27304136E-12 6.278366469E-12 6.306375665E-12 6.265766053E-12 6.276473903E-12 6.292923413E-12 6.235400626E-12 6.288522179E-12 6.276815949E-12 6.275030575E-12 6.281716983E-12 6.269085769E-12 6.27618554E-12 6.255942332E-12 6.260028827E-12 6.274750087E-12 6.233166916E-12 6.222605274E-12 6.254638549E-12 6.2907214E-12 
0 0 7.604257645E-12 6.336385552E-12 6.295585758E-12 6.312228965E-12 6.289756696E-12 6.29132192E-12 6.399883548E-12 7.155681445E-12 6.419173041E-12 6.323049364E-12 6.306205691E-12 6.306058363E-12 6.334319716E-12 6.293978272E-12 6.285249635E-12 6.326006617E-12 6.267299218E-12 6.316547099E-12 6.30357123E-12 6.30261449E-12 6.311627691E-12 6.299895828E-12 6.298352653E-12 6.285645684E-12 6.292073683E-12 6.307257741E-12 6.265117457E-12 6.253936744E-12 6.283455238E-12 6.317718571E-12 
0 0 0 7.457874699E-12 6.277902263E-12 6.273510763E-12 6.246279758E-12 6.244753966E-12 6.257699968E-12 6.367652278E-12 7.19368422E-12 6.365398601E-12 6.26516202E-12 6.260525299E-12 6.284362198E-12 6.244300044E-12 6.231534215E-12 6.270534643E-12 6.222032144E-12 6.270816689E-12 6.259592994E-12 6.25595364E-12 6.263795028E-12 6.250528099E-12 6.25115449E-12 6.236749621E-12 6.243078507E-12 6.256951583E-12 6.216292514E-12 6.203764926E-12 6.236195318E-12 6.273245652E-12 
0 0 0 0 7.56146034E-12 6.346532981E-12 6.29088222E-12 6.289343266E-12 6.284814609E-12 6.316163941E-12 6.400761657E-12 7.248160078E-12 6.390613852E-12 6.313751133E-12 6.32961463E-12 6.288186969E-12 6.267232497E-12 6.304310518E-12 6.254658177E-12 6.314559969E-12 6.301108456E-12 6.296821557E-12 6.304895978E-12 6.292541821E-12 6.289366143E-12 6.275374194E-12 6.279411804E-12 6.294527004E-12 6.256601828E-12 6.24445629E-12 6.276737551E-12 6.311261095E-12 
0 0 0 0 0 7.538098582E-12 6.309752189E-12 6.284311326E-12 6.26535847E-12 6.289285755E-12 6.290387546E-12 6.401630587E-12 7.177974109E-12 6.383252163E-12 6.325809043E-12 6.276051937E-12 6.24757021E-12 6.286535277E-12 6.237391346E-12 6.294934232E-12 6.289302081E-12 6.285842619E-12 6.292942226E-12 6.277680096E-12 6.270244454E-12 6.254111507E-12 6.264687942E-12 6.278856306E-12 6.240232147E-12 6.230676287E-12 6.262495254E-12 6.297185384E-12 
0 0 0 0 0 0 7.475972746E-12 6.291540998E-12 6.229392526E-12 6.251803838E-12 6.243292309E-12 6.262246882E-12 6.357163583E-12 7.098069084E-12 6.384739742E-12 6.254320395E-12 6.213521188E-12 6.250512726E-12 6.199330183E-12 6.258951834E-12 6.250312525E-12 6.255400994E-12 6.260724361E-12 6.248077347E-12 6.237964465E-12 6.220017149E-12 6.229263113E-12 6.245632609E-12 6.204956361E-12 6.194521712E-12 6.22585808E-12 6.265201405E-12 
0 0 0 0 0 0 0 7.659978941E-12 6.267462695E-12 6.289093446E-12 6.279424895E-12 6.28847699E-12 6.293447532E-12 6.394804599E-12 7.306693194E-12 6.390855817E-12 6.251042952E-12 6.289350748E-12 6.238295711E-12 6.294903987E-12 6.286376636E-12 6.290296928E-12 6.303147628E-12 6.290231275E-12 6.272427815E-12 6.260198381E-12 6.270419965E-12 6.286855687E-12 6.245508905E-12 6.234726623E-12 6.267923006E-12 6.307020064E-12 
0 0 0 0 0 0 0 0 6.272792136E-12 6.292641679E-12 6.279422662E-12 6.286093095E-12 6.288227208E-12 6.310528257E-12 6.450357949E-12 7.249669564E-12 6.257391587E-12 6.295133665E-12 6.242982232E-12 6.299764447E-12 6.291428082E-12 6.295406661E-12 6.311217048E-12 6.318368565E-12 6.28201621E-12 6.267186116E-12 6.274648476E-12 6.289544005E-12 6.250059482E-12 6.243274264E-12 6.275577158E-12 6.319611496E-12 
0 0 0 0 0 0 0 0 0 7.520703385E-12 6.306146894E-12 6.28872316E-12 6.275785139E-12 6.27982042E-12 6.309686934E-12 6.267421537E-12 7.266221801E-12 6.406116985E-12 6.248225527E-12 6.293210145E-12 6.277262878E-12 6.277963326E-12 6.286172996E-12 6.274054861E-12 6.301350031E-12 6.279039376E-12 6.269935432E-12 6.281911052E-12 6.2413694E-12 6.230287694E-12 6.261930529E-12 6.297326426E-12 
0 0 0 0 0 0 0 0 0 0 7.566731669E-12 6.307868656E-12 6.279874061E-12 6.282329004E-12 6.308153706E-12 6.265945637E-12 6.356099499E-12 7.188071903E-12 6.333953E-12 6.30189879E-12 6.279953332E-12 6.279854006E-12 6.286966255E-12 6.274561968E-12 6.280711509E-12 6.281064056E-12 6.269283361E-12 6.282850169E-12 6.241812846E-12 6.229900707E-12 6.260243029E-12 6.295551395E-12 
0 0 0 0 0 0 0 0 0 0 0 7.363939134E-12 6.321504295E-12 6.305125566E-12 6.328532093E-12 6.28759342E-12 6.285072187E-12 6.419953622E-12 7.101661969E-12 6.417668156E-12 6.314438428E-12 6.303520453E-12 6.308773667E-12 6.294837205E-12 6.29711883E-12 6.293586553E-12 6.296128256E-12 6.306952962E-12 6.261217288E-12 6.248298947E-12 6.27897383E-12 6.314957554E-12 
0 0 0 0 0 0 0 0 0 0 0 0 7.449283215E-12 6.315787282E-12 6.323495516E-12 6.277117264E-12 6.260721533E-12 6.307530477E-12 6.346521117E-12 7.168504552E-12 6.402091792E-12 6.300523576E-12 6.299071112E-12 6.283992059E-12 6.280780811E-12 6.270341584E-12 6.276407671E-12 6.296917522E-12 6.25083482E-12 6.237595748E-12 6.266536452E-12 6.304371787E-12 
0 0 0 0 0 0 0 0 0 0 0 0 0 7.468284761E-12 6.325427408E-12 6.266369195E-12 6.239454163E-12 6.278468171E-12 6.236039171E-12 6.376598374E-12 7.179705747E-12 6.375307731E-12 6.291433202E-12 6.268126123E-12 6.261345429E-12 6.247698439E-12 6.258082359E-12 6.274888497E-12 6.240536101E-12 6.225923075E-12 6.253913111E-12 6.28758738E-12 
0 0 0 0 0 0 0 0 0 0 0 0 0 0 7.43583524E-12 6.288082155E-12 6.236246148E-12 6.274973911E-12 6.224420295E-12 6.290774955E-12 6.372545281E-12 7.199004688E-12 6.387953274E-12 6.281634078E-12 6.261798912E-12 6.246363858E-12 6.254908946E-12 6.273163307E-12 6.236487906E-12 6.232218659E-12 6.258594814E-12 6.292211834E-12 
0 0 0 0 0 0 0 0 0 0 0 0 0 0 0 7.581309487E-12 6.25531043E-12 6.293001334E-12 6.242096005E-12 6.299830745E-12 6.301705583E-12 6.394343728E-12 7.152722066E-12 6.396363097E-12 6.278769825E-12 6.265656723E-12 6.272345017E-12 6.289328763E-12 6.252176081E-12 6.2462091E-12 6.283214219E-12 6.315409672E-12 
0 0 0 0 0 0 0 0 0 0 0 0 0 0 0 0 6.261687025E-12 6.29844984E-12 6.245318686E-12 6.302588654E-12 6.297416179E-12 6.308782252E-12 6.425684324E-12 7.282474944E-12 6.285777659E-12 6.269282805E-12 6.27842016E-12 6.294296194E-12 6.256779609E-12 6.252224517E-12 6.285764301E-12 6.343214183E-12 
0 0 0 0 0 0 0 0 0 0 0 0 0 0 0 0 0 7.373982839E-12 6.257912907E-12 6.294699316E-12 6.278915054E-12 6.276347923E-12 6.288077549E-12 6.273799711E-12 7.238267751E-12 6.728678214E-12 6.283072801E-12 6.28297209E-12 6.240648244E-12 6.227776335E-12 6.259372497E-12 6.29243446E-12 
0 0 0 0 0 0 0 0 0 0 0 0 0 0 0 0 0 0 7.419788821E-12 6.352050625E-12 6.320235986E-12 6.316063418E-12 6.324833945E-12 6.31320693E-12 6.775788508E-12 4.099097906E-11 6.939641575E-12 6.345351263E-12 6.285218882E-12 6.268868468E-12 6.297932179E-12 6.330986563E-12 
0 0 0 0 0 0 0 0 0 0 0 0 0 0 0 0 0 0 0 7.395657233E-12 6.299693839E-12 6.279482197E-12 6.284551236E-12 6.272593233E-12 6.289511936E-12 6.925037907E-12 7.11368554E-12 6.390434183E-12 6.253032371E-12 6.231009517E-12 6.257563645E-12 6.294168192E-12 
0 0 0 0 0 0 0 0 0 0 0 0 0 0 0 0 0 0 0 0 7.50876659E-12 6.251079189E-12 6.239634578E-12 6.223515835E-12 6.222685398E-12 6.228460381E-12 6.316289576E-12 7.155229367E-12 6.29002375E-12 6.192360859E-12 6.211443578E-12 6.246106713E-12 
0 0 0 0 0 0 0 0 0 0 0 0 0 0 0 0 0 0 0 0 0 7.389625813E-12 6.318130674E-12 6.284233567E-12 6.275534102E-12 6.267086681E-12 6.281983011E-12 6.397986464E-12 7.111416525E-12 6.344867155E-12 6.279704919E-12 6.306618657E-12 
0 0 0 0 0 0 0 0 0 0 0 0 0 0 0 0 0 0 0 0 0 0 7.467051082E-12 6.296975973E-12 6.259422762E-12 6.246885296E-12 6.25691084E-12 6.282817117E-12 6.338925149E-12 7.097390846E-12 6.364244022E-12 6.302482432E-12 
0 0 0 0 0 0 0 0 0 0 0 0 0 0 0 0 0 0 0 0 0 0 0 7.52748682E-12 6.295428178E-12 6.281231122E-12 6.289045336E-12 6.308538025E-12 6.27950998E-12 6.361947515E-12 7.150256868E-12 6.436513114E-12 
0 0 0 0 0 0 0 0 0 0 0 0 0 0 0 0 0 0 0 0 0 0 0 0 6.260589382E-12 6.24594393E-12 6.254299547E-12 6.269380029E-12 6.233928372E-12 6.238281483E-12 6.378712211E-12 7.404357425E-12 
0 0 0 0 0 0 0 0 0 0 0 0 0 0 0 0 0 0 0 0 0 0 0 0 0 7.636002016E-12 6.287485499E-12 6.266876083E-12 6.220795836E-12 6.2055689E-12 6.235981064E-12 6.273337729E-12 
0 0 0 0 0 0 0 0 0 0 0 0 0 0 0 0 0 0 0 0 0 0 0 0 0 0 7.886702609E-12 6.317744682E-12 6.234825744E-12 6.215639586E-12 6.244431626E-12 6.278564045E-12 
0 0 0 0 0 0 0 0 0 0 0 0 0 0 0 0 0 0 0 0 0 0 0 0 0 0 0 7.602771767E-12 6.235262972E-12 6.194084246E-12 6.218464586E-12 6.249773989E-12 
0 0 0 0 0 0 0 0 0 0 0 0 0 0 0 0 0 0 0 0 0 0 0 0 0 0 0 0 7.455893752E-12 6.256701704E-12 6.257188902E-12 6.288793578E-12 
0 0 0 0 0 0 0 0 0 0 0 0 0 0 0 0 0 0 0 0 0 0 0 0 0 0 0 0 0 7.50646965E-12 6.265438136E-12 6.275278224E-12 
0 0 0 0 0 0 0 0 0 0 0 0 0 0 0 0 0 0 0 0 0 0 0 0 0 0 0 0 0 0 7.427860027E-12 6.306778358E-12 
0 0 0 0 0 0 0 0 0 0 0 0 0 0 0 0 0 0 0 0 0 0 0 0 0 0 0 0 0 0 0 7.684888661E-12 
0 0 0 0 0 0 0 0 0 0 0 0 0 0 0 0 0 0 0 0 0 0 0 0 0 0 0 0 0 0 0 0 
