32 32
0 7.588848315E-12 6.309313496E-12 6.279845621E-12 6.261973413E-12 6.28329549E-12 6.259821094E-12 6.26181059E-12 7.247238927E-12 6.408155816E-12 6.28837499E-12 6.281706972E-12 6.27073299E-12 6.27521886E-12 6.302531331E-12 6.262013086E-12 6.275639059E-12 6.294504561E-12 6.23514554E-12 6.286804271E-12 6.272968324E-12 6.275162973E-12 6.282832874E-12 6.269301529E-12 6.276341896E-12 6.256877498E-12 6.261668077E-12 6.276714716E-12 6.234842913E-12 6.223285041E-12 6.251765645E-12 6.290306437E-12 
0 0 7.604956801E-12 6.338284527E-12 6.297798198E-12 6.314275276E-12 6.291427891E-12 6.291148156E-12 6.401711254E-12 7.154332478E-12 6.41655844E-12 6.32063719E-12 6.301887E-12 6.306050748E-12 6.334298592E-12 6.290082059E-12 6.284238178E-12 6.323968448E-12 6.263962013E-12 6.315913019E-12 6.30212462E-12 6.303210276E-12 6.312999408E-12 6.300970856E-12 6.298056338E-12 6.281606515E-12 6.289678893E-12 6.305413957E-12 6.265142796E-12 6.251884118E-12 6.283100455E-12 6.320846887E-12 
0 0 0 7.457500607E-12 6.280340682E-12 6.272860658E-12 6.2457016E-12 6.245081689E-12 6.256665873E-12 6.365064716E-12 7.19164672E-12 6.363374039E-12 6.264272883E-12 6.258733081E-12 6.287069281E-12 6.244157727E-12 6.229167717E-12 6.27058097E-12 6.220121806E-12 6.271766817E-12 6.255189439E-12 6.256204606E-12 6.263689151E-12 6.24999652E-12 6.249941634E-12 6.233910094E-12 6.241255642E-12 6.256334857E-12 6.211693039E-12 6.200983026E-12 6.231627236E-12 6.270352698E-12 
0 0 0 0 7.557542533E-12 6.343380175E-12 6.289852021E-12 6.288087914E-12 6.283694587E-12 6.315367517E-12 6.398839019E-12 7.246448999E-12 6.388411716E-12 6.309928602E-12 6.328768057E-12 6.286080904E-12 6.266813916E-12 6.305198159E-12 6.257147378E-12 6.315887488E-12 6.299139415E-12 6.298324676E-12 6.303626897E-12 6.291887426E-12 6.288033551E-12 6.272427625E-12 6.279491804E-12 6.296341518E-12 6.253426589E-12 6.242175691E-12 6.274608873E-12 6.310511538E-12 
0 0 0 0 0 7.539231902E-12 6.306526781E-12 6.283222038E-12 6.261156238E-12 6.288000088E-12 6.286639966E-12 6.399751825E-12 7.175281821E-12 6.381881737E-12 6.325696731E-12 6.272652064E-12 6.247869258E-12 6.286045283E-12 6.234044764E-12 6.293570038E-12 6.285843087E-12 6.283269746E-12 6.289762081E-12 6.276091493E-12 6.26848183E-12 6.255330049E-12 6.262374227E-12 6.279366398E-12 6.239608909E-12 6.227000677E-12 6.257732178E-12 6.29490634E-12 
0 0 0 0 0 0 7.477320886E-12 6.288978124E-12 6.224990453E-12 6.249562601E-12 6.245288953E-12 6.261659427E-12 6.355578913E-12 7.097468236E-12 6.383223437E-12 6.251819794E-12 6.211760584E-12 6.252190344E-12 6.194097785E-12 6.251818476E-12 6.246128352E-12 6.252316314E-12 6.257009025E-12 6.24602716E-12 6.235421552E-12 6.220868804E-12 6.231346863E-12 6.245278438E-12 6.201727752E-12 6.1933273E-12 6.225261322E-12 6.264153582E-12 
0 0 0 0 0 0 0 7.660421417E-12 6.269050333E-12 6.289531791E-12 6.280893574E-12 6.291233291E-12 6.294690969E-12 6.395155155E-12 7.308106409E-12 6.392292805E-12 6.251768763E-12 6.291767945E-12 6.237417207E-12 6.297267145E-12 6.285514828E-12 6.290447311E-12 6.307909827E-12 6.292228818E-12 6.275616647E-12 6.262081402E-12 6.270902937E-12 6.28386126E-12 6.244213577E-12 6.234734821E-12 6.268697904E-12 6.305281154E-12 
0 0 0 0 0 0 0 0 6.272049375E-12 6.295264291E-12 6.282899609E-12 6.292307632E-12 6.289021593E-12 6.308752914E-12 6.44842942E-12 7.247633834E-12 6.256783879E-12 6.293996046E-12 6.241018294E-12 6.29785785E-12 6.290677787E-12 6.291466876E-12 6.305525434E-12 6.3160553E-12 6.280996437E-12 6.266581121E-12 6.271247057E-12 6.290293804E-12 6.248071484E-12 6.238755499E-12 6.270968315E-12 6.316569699E-12 
0 0 0 0 0 0 0 0 0 7.521839254E-12 6.303981413E-12 6.286297708E-12 6.275794334E-12 6.280028733E-12 6.304137624E-12 6.266785966E-12 7.258550999E-12 6.407902562E-12 6.250047563E-12 6.290715514E-12 6.275148344E-12 6.279361567E-12 6.287654245E-12 6.272770219E-12 6.300981257E-12 6.26696883E-12 6.268410136E-12 6.278923159E-12 6.236240731E-12 6.224423776E-12 6.256578681E-12 6.290791594E-12 
0 0 0 0 0 0 0 0 0 0 7.561987852E-12 6.305869558E-12 6.277950866E-12 6.278923819E-12 6.307296296E-12 6.26464186E-12 6.357800603E-12 7.194784274E-12 6.333339207E-12 6.3017265E-12 6.279525768E-12 6.278106978E-12 6.287331787E-12 6.275365992E-12 6.280793613E-12 6.269098502E-12 6.270862456E-12 6.284834261E-12 6.23809867E-12 6.225535491E-12 6.25664128E-12 6.293058292E-12 
0 0 0 0 0 0 0 0 0 0 0 7.365209553E-12 6.319940787E-12 6.306430024E-12 6.332087198E-12 6.288383237E-12 6.285128394E-12 6.421996062E-12 7.104205812E-12 6.413893315E-12 6.310808394E-12 6.303425006E-12 6.307856061E-12 6.296917022E-12 6.298737442E-12 6.284188846E-12 6.297261572E-12 6.307417325E-12 6.263532932E-12 6.250582347E-12 6.279279003E-12 6.317581842E-12 
0 0 0 0 0 0 0 0 0 0 0 0 7.445101241E-12 6.311918178E-12 6.320150685E-12 6.274420672E-12 6.257081064E-12 6.30528681E-12 6.341738455E-12 7.162837914E-12 6.39668528E-12 6.294708044E-12 6.295527379E-12 6.281067997E-12 6.278835946E-12 6.266007233E-12 6.27565716E-12 6.297442295E-12 6.249625288E-12 6.233292688E-12 6.26495279E-12 6.300842201E-12 
0 0 0 0 0 0 0 0 0 0 0 0 0 7.468663312E-12 6.324477015E-12 6.264116633E-12 6.237185352E-12 6.27787851E-12 6.233236924E-12 6.375846861E-12 7.179750297E-12 6.375601635E-12 6.292894776E-12 6.269394223E-12 6.260759454E-12 6.246690045E-12 6.257176121E-12 6.276309452E-12 6.239552751E-12 6.22161943E-12 6.253860899E-12 6.287770121E-12 
0 0 0 0 0 0 0 0 0 0 0 0 0 0 7.435906247E-12 6.286393733E-12 6.235307499E-12 6.275213551E-12 6.222908278E-12 6.286962095E-12 6.366877529E-12 7.19321217E-12 6.382145155E-12 6.278687802E-12 6.256369303E-12 6.241740938E-12 6.248867336E-12 6.266186769E-12 6.232124798E-12 6.22788509E-12 6.257248004E-12 6.287743798E-12 
0 0 0 0 0 0 0 0 0 0 0 0 0 0 0 7.581685741E-12 6.253741061E-12 6.293192297E-12 6.239757184E-12 6.299730514E-12 6.300225076E-12 6.394949951E-12 7.150629123E-12 6.397483086E-12 6.279231959E-12 6.26388863E-12 6.275463639E-12 6.286706498E-12 6.248448768E-12 6.242785715E-12 6.277824078E-12 6.313686868E-12 
0 0 0 0 0 0 0 0 0 0 0 0 0 0 0 0 6.256571662E-12 6.297470017E-12 6.242024436E-12 6.300629726E-12 6.290838243E-12 6.306666271E-12 6.421502098E-12 7.280825948E-12 6.280972811E-12 6.266444276E-12 6.274327852E-12 6.290379001E-12 6.250884851E-12 6.249632058E-12 6.282934114E-12 6.344438076E-12 
0 0 0 0 0 0 0 0 0 0 0 0 0 0 0 0 0 7.512941052E-12 6.262224221E-12 6.293885335E-12 6.277152385E-12 6.277880028E-12 6.287136961E-12 6.273819352E-12 7.270564261E-12 6.380038347E-12 6.282769821E-12 6.285021094E-12 6.240392937E-12 6.227333638E-12 6.256694543E-12 6.295112686E-12 
0 0 0 0 0 0 0 0 0 0 0 0 0 0 0 0 0 0 7.513887607E-12 6.352081173E-12 6.320817262E-12 6.315563923E-12 6.324658897E-12 6.311652777E-12 6.420973243E-12 7.131525518E-12 6.406375397E-12 6.331507331E-12 6.281140738E-12 6.263368117E-12 6.29518023E-12 6.332864175E-12 
0 0 0 0 0 0 0 0 0 0 0 0 0 0 0 0 0 0 0 7.401617845E-12 6.303299883E-12 6.281141071E-12 6.286484368E-12 6.271718058E-12 6.287937405E-12 6.373044752E-12 7.159162887E-12 6.392163632E-12 6.250483544E-12 6.227289656E-12 6.260784292E-12 6.292197985E-12 
0 0 0 0 0 0 0 0 0 0 0 0 0 0 0 0 0 0 0 0 7.508528397E-12 6.251146662E-12 6.240148314E-12 6.222667789E-12 6.224298148E-12 6.217623301E-12 6.31942606E-12 7.154469649E-12 6.288441082E-12 6.185843085E-12 6.215164873E-12 6.242147732E-12 
0 0 0 0 0 0 0 0 0 0 0 0 0 0 0 0 0 0 0 0 0 7.38432185E-12 6.315441021E-12 6.282378158E-12 6.275102576E-12 6.263950141E-12 6.282645768E-12 6.396140564E-12 7.100955609E-12 6.333253184E-12 6.306548196E-12 6.303280143E-12 
0 0 0 0 0 0 0 0 0 0 0 0 0 0 0 0 0 0 0 0 0 0 7.464476027E-12 6.295021002E-12 6.261200275E-12 6.246396982E-12 6.258058797E-12 6.283348824E-12 6.328514335E-12 7.069055176E-12 6.429828492E-12 6.300559584E-12 
0 0 0 0 0 0 0 0 0 0 0 0 0 0 0 0 0 0 0 0 0 0 0 7.522619245E-12 6.293831218E-12 6.28023337E-12 6.289497439E-12 6.30844998E-12 6.275821312E-12 6.421831006E-12 7.130712021E-12 6.424300847E-12 
0 0 0 0 0 0 0 0 0 0 0 0 0 0 0 0 0 0 0 0 0 0 0 0 6.259917252E-12 6.244187584E-12 6.253826743E-12 6.27014683E-12 6.233155946E-12 6.266966376E-12 6.36581911E-12 7.389175019E-12 
0 0 0 0 0 0 0 0 0 0 0 0 0 0 0 0 0 0 0 0 0 0 0 0 0 7.495186537E-12 6.290056561E-12 6.270939376E-12 6.223315661E-12 6.205181861E-12 6.235166226E-12 6.269231324E-12 
0 0 0 0 0 0 0 0 0 0 0 0 0 0 0 0 0 0 0 0 0 0 0 0 0 0 7.491384278E-12 6.304546446E-12 6.231304301E-12 6.211408847E-12 6.243406387E-12 6.277034654E-12 
0 0 0 0 0 0 0 0 0 0 0 0 0 0 0 0 0 0 0 0 0 0 0 0 0 0 0 7.611468499E-12 6.23567167E-12 6.189409826E-12 6.219800886E-12 6.25090161E-12 
0 0 0 0 0 0 0 0 0 0 0 0 0 0 0 0 0 0 0 0 0 0 0 0 0 0 0 0 7.449487425E-12 6.250034298E-12 6.270810462E-12 6.286821762E-12 
0 0 0 0 0 0 0 0 0 0 0 0 0 0 0 0 0 0 0 0 0 0 0 0 0 0 0 0 0 7.353313399E-12 6.715002406E-12 6.27576586E-12 
0 0 0 0 0 0 0 0 0 0 0 0 0 0 0 0 0 0 0 0 0 0 0 0 0 0 0 0 0 0 5.810845184E-11 6.718135154E-12 
0 0 0 0 0 0 0 0 0 0 0 0 0 0 0 0 0 0 0 0 0 0 0 0 0 0 0 0 0 0 0 7.574001065E-12 
0 0 0 0 0 0 0 0 0 0 0 0 0 0 0 0 0 0 0 0 0 0 0 0 0 0 0 0 0 0 0 0 
