32 32
0 7.525892808E-12 6.819035601E-12 6.840382496E-12 6.928605623E-12 6.724516224E-12 6.27310755E-12 6.265568776E-12 7.353971889E-12 7.063332553E-12 6.980646985E-12 6.992402995E-12 7.080538508E-12 6.806994012E-12 6.320710983E-12 6.264844494E-12 6.835668415E-12 6.935671173E-12 6.799964046E-12 6.862423511E-12 6.933092481E-12 6.776631572E-12 6.298979245E-12 6.276007385E-12 6.285065352E-12 6.268016183E-12 6.27574365E-12 6.28924726E-12 6.246627851E-12 6.234068927E-12 6.257663471E-12 6.294129322E-12 
0 0 7.683508646E-12 7.023845781E-12 7.124351605E-12 6.864641764E-12 6.309559178E-12 6.299379414E-12 7.0120851E-12 7.605590525E-12 7.199302009E-12 7.194790896E-12 7.307103779E-12 6.969348923E-12 6.355397591E-12 6.295177548E-12 7.001683691E-12 7.126332786E-12 6.96562957E-12 7.029704736E-12 7.124942779E-12 6.929203858E-12 6.328459125E-12 6.303971957E-12 6.314235673E-12 6.301150363E-12 6.30961678E-12 6.323741187E-12 6.281765592E-12 6.265694808E-12 6.287416169E-12 6.321108623E-12 
0 0 0 7.507879367E-12 6.997765003E-12 6.76443738E-12 6.259723249E-12 6.250745404E-12 6.882213399E-12 7.13654586E-12 7.48853727E-12 7.066199016E-12 7.155020533E-12 6.853879137E-12 6.303573897E-12 6.247714085E-12 6.882178805E-12 6.992253619E-12 6.849290667E-12 6.908782763E-12 6.993140303E-12 6.821135791E-12 6.278525814E-12 6.252074049E-12 6.260718049E-12 6.246053629E-12 6.255542063E-12 6.271020632E-12 6.229935872E-12 6.216708487E-12 6.241313647E-12 6.273110375E-12 
0 0 0 0 7.730040774E-12 6.83072292E-12 6.299873809E-12 6.289351107E-12 6.948771365E-12 7.201791E-12 7.128670012E-12 7.572629115E-12 7.242692852E-12 6.922951051E-12 6.346147229E-12 6.289143378E-12 6.952365575E-12 7.064818046E-12 6.914614588E-12 6.976186968E-12 7.065607401E-12 6.886252708E-12 6.31964775E-12 6.295702804E-12 6.304522634E-12 6.290151072E-12 6.298604879E-12 6.311964979E-12 6.27088427E-12 6.254697918E-12 6.277674923E-12 6.312546232E-12 
0 0 0 0 0 7.480813226E-12 6.296079203E-12 6.277859361E-12 7.041546716E-12 7.331916126E-12 7.231435189E-12 7.259749928E-12 7.748647411E-12 7.016196634E-12 6.332965996E-12 6.273074572E-12 7.045759471E-12 7.169192274E-12 7.002459905E-12 7.064100693E-12 7.172829992E-12 6.963179469E-12 6.304653023E-12 6.277295404E-12 6.285660953E-12 6.274169048E-12 6.281386935E-12 6.29609309E-12 6.255249814E-12 6.240267936E-12 6.263442234E-12 6.29632789E-12 
0 0 0 0 0 0 7.355022744E-12 6.267645461E-12 6.74750977E-12 6.943943656E-12 6.875901043E-12 6.884715946E-12 6.97934376E-12 7.20397947E-12 6.353472765E-12 6.243652563E-12 6.745355142E-12 6.838895108E-12 6.710843617E-12 6.769861148E-12 6.83936442E-12 6.70622639E-12 6.266578914E-12 6.247443316E-12 6.250104858E-12 6.234946675E-12 6.242946278E-12 6.25885796E-12 6.21658796E-12 6.203723E-12 6.231126316E-12 6.262207501E-12 
0 0 0 0 0 0 0 7.656865568E-12 6.286515343E-12 6.316668139E-12 6.300213399E-12 6.307008749E-12 6.302360724E-12 6.365352984E-12 7.297277637E-12 6.392085287E-12 6.270635849E-12 6.313124159E-12 6.258065822E-12 6.312209224E-12 6.302575114E-12 6.301597192E-12 6.305537769E-12 6.294058307E-12 6.277258231E-12 6.262973301E-12 6.267948684E-12 6.283626482E-12 6.242958401E-12 6.23284588E-12 6.265465473E-12 6.304595747E-12 
0 0 0 0 0 0 0 0 6.276400006E-12 6.300527322E-12 6.288013126E-12 6.297885624E-12 6.290204472E-12 6.29767823E-12 6.445971265E-12 7.247390914E-12 6.259804449E-12 6.300736093E-12 6.244565116E-12 6.300525263E-12 6.292103511E-12 6.29220538E-12 6.306688435E-12 6.316313083E-12 6.279981347E-12 6.264681907E-12 6.272049949E-12 6.288689391E-12 6.247856755E-12 6.239108665E-12 6.274002171E-12 6.319641438E-12 
0 0 0 0 0 0 0 0 0 7.617943145E-12 7.084964595E-12 7.096603037E-12 7.201767504E-12 6.897770011E-12 6.32764492E-12 6.270469569E-12 7.515823701E-12 7.052240035E-12 6.885920322E-12 6.947955307E-12 7.040287625E-12 6.865711692E-12 6.304853691E-12 6.279020013E-12 6.299800973E-12 6.276454628E-12 6.281386739E-12 6.29747686E-12 6.257426262E-12 6.241893181E-12 6.262695789E-12 6.296157761E-12 
0 0 0 0 0 0 0 0 0 0 7.920450454E-12 7.367532629E-12 7.511562174E-12 7.103299869E-12 6.334545709E-12 6.271691447E-12 7.168291417E-12 7.695260763E-12 7.119437841E-12 7.168499364E-12 7.29212602E-12 7.063594048E-12 6.308997889E-12 6.278058381E-12 6.289108277E-12 6.278710835E-12 6.284527566E-12 6.299421085E-12 6.258800192E-12 6.241907509E-12 6.262630981E-12 6.295826637E-12 
0 0 0 0 0 0 0 0 0 0 0 7.67471023E-12 7.42722594E-12 7.055253381E-12 6.350564068E-12 6.290175748E-12 7.09976832E-12 7.242224734E-12 7.425719473E-12 7.126443278E-12 7.231374901E-12 7.018234847E-12 6.329784497E-12 6.300150912E-12 6.312462844E-12 6.301207338E-12 6.31029E-12 6.323849242E-12 6.281393416E-12 6.266189505E-12 6.28694441E-12 6.319092621E-12 
0 0 0 0 0 0 0 0 0 0 0 0 7.877421089E-12 7.046749251E-12 6.341560995E-12 6.279328373E-12 7.093289376E-12 7.21566936E-12 7.055921125E-12 7.504505993E-12 7.237765724E-12 7.007062426E-12 6.313211433E-12 6.2874225E-12 6.29589873E-12 6.283436648E-12 6.29111998E-12 6.310107544E-12 6.26705053E-12 6.25100199E-12 6.272485726E-12 6.303261362E-12 
0 0 0 0 0 0 0 0 0 0 0 0 0 7.548791446E-12 6.326010191E-12 6.26246949E-12 7.19146279E-12 7.325308408E-12 7.13840037E-12 7.212159856E-12 7.747162025E-12 7.100105751E-12 6.297097536E-12 6.266735921E-12 6.279829076E-12 6.268087735E-12 6.27530938E-12 6.289979601E-12 6.251060607E-12 6.232866651E-12 6.25275424E-12 6.284155041E-12 
0 0 0 0 0 0 0 0 0 0 0 0 0 0 7.30634859E-12 6.267932563E-12 6.869613383E-12 6.972451868E-12 6.827703288E-12 6.887931738E-12 6.982340402E-12 7.364224992E-12 6.355089326E-12 6.272187447E-12 6.275068618E-12 6.262397528E-12 6.269063561E-12 6.283357733E-12 6.242642824E-12 6.23549147E-12 6.255825824E-12 6.287521472E-12 
0 0 0 0 0 0 0 0 0 0 0 0 0 0 0 7.574034952E-12 6.277319592E-12 6.318856876E-12 6.261116167E-12 6.315642305E-12 6.309756718E-12 6.368813679E-12 7.143923409E-12 6.395993464E-12 6.280770378E-12 6.266231204E-12 6.273955734E-12 6.288719717E-12 6.252435999E-12 6.242990731E-12 6.280486958E-12 6.316398367E-12 
0 0 0 0 0 0 0 0 0 0 0 0 0 0 0 0 6.264309522E-12 6.304975541E-12 6.24861406E-12 6.305978264E-12 6.295478954E-12 6.300550484E-12 6.422291315E-12 7.281888722E-12 6.283135427E-12 6.269335408E-12 6.277064338E-12 6.29133761E-12 6.253668429E-12 6.245208614E-12 6.283845312E-12 6.342395215E-12 
0 0 0 0 0 0 0 0 0 0 0 0 0 0 0 0 0 7.609133113E-12 6.906996594E-12 6.966521052E-12 7.060955831E-12 6.883631393E-12 6.305929728E-12 6.27776061E-12 7.181226517E-12 6.346089238E-12 6.286759392E-12 6.299924989E-12 6.255189543E-12 6.23866096E-12 6.263343872E-12 6.297595848E-12 
0 0 0 0 0 0 0 0 0 0 0 0 0 0 0 0 0 0 7.658324129E-12 7.070503512E-12 7.174860718E-12 6.97949212E-12 6.341611881E-12 6.314629906E-12 6.388082185E-12 7.060677089E-12 6.380657747E-12 6.339245969E-12 6.293668628E-12 6.278617704E-12 6.302873538E-12 6.335777552E-12 
0 0 0 0 0 0 0 0 0 0 0 0 0 0 0 0 0 0 0 7.47717307E-12 7.026829312E-12 6.854741487E-12 6.301689367E-12 6.273989278E-12 6.288278829E-12 6.340857837E-12 7.087278188E-12 6.361627136E-12 6.254997717E-12 6.239528753E-12 6.262893454E-12 6.293503856E-12 
0 0 0 0 0 0 0 0 0 0 0 0 0 0 0 0 0 0 0 0 7.664228482E-12 6.809568135E-12 6.248069729E-12 6.225987978E-12 6.234985434E-12 6.223148714E-12 6.291579531E-12 7.07888207E-12 6.262668112E-12 6.18863614E-12 6.210338661E-12 6.244431785E-12 
0 0 0 0 0 0 0 0 0 0 0 0 0 0 0 0 0 0 0 0 0 7.403994784E-12 6.311066468E-12 6.282514473E-12 6.290616756E-12 6.279854908E-12 6.288394237E-12 6.371212715E-12 7.038782799E-12 6.311750907E-12 6.273448233E-12 6.303053656E-12 
0 0 0 0 0 0 0 0 0 0 0 0 0 0 0 0 0 0 0 0 0 0 7.358771894E-12 6.280999944E-12 6.275813724E-12 6.262545008E-12 6.268387175E-12 6.2858179E-12 6.305661858E-12 7.023037385E-12 6.334131943E-12 6.295612835E-12 
0 0 0 0 0 0 0 0 0 0 0 0 0 0 0 0 0 0 0 0 0 0 0 7.521957942E-12 6.294975176E-12 6.28026725E-12 6.2866808E-12 6.30515633E-12 6.270742028E-12 6.348634697E-12 7.145700002E-12 6.433657816E-12 
0 0 0 0 0 0 0 0 0 0 0 0 0 0 0 0 0 0 0 0 0 0 0 0 6.260381663E-12 6.24553627E-12 6.25349495E-12 6.270240001E-12 6.232180483E-12 6.235748892E-12 6.377390298E-12 7.398275312E-12 
0 0 0 0 0 0 0 0 0 0 0 0 0 0 0 0 0 0 0 0 0 0 0 0 0 7.486460457E-12 6.284510325E-12 6.269154179E-12 6.220527871E-12 6.207539474E-12 6.237289396E-12 6.272593512E-12 
0 0 0 0 0 0 0 0 0 0 0 0 0 0 0 0 0 0 0 0 0 0 0 0 0 0 7.483803192E-12 6.301850165E-12 6.231484856E-12 6.214273159E-12 6.242834729E-12 6.279034987E-12 
0 0 0 0 0 0 0 0 0 0 0 0 0 0 0 0 0 0 0 0 0 0 0 0 0 0 0 7.602062538E-12 6.234497692E-12 6.193400836E-12 6.217682763E-12 6.251939734E-12 
0 0 0 0 0 0 0 0 0 0 0 0 0 0 0 0 0 0 0 0 0 0 0 0 0 0 0 0 7.443009484E-12 6.253376098E-12 6.2568138E-12 6.289017738E-12 
0 0 0 0 0 0 0 0 0 0 0 0 0 0 0 0 0 0 0 0 0 0 0 0 0 0 0 0 0 7.500414383E-12 6.266473194E-12 6.274771309E-12 
0 0 0 0 0 0 0 0 0 0 0 0 0 0 0 0 0 0 0 0 0 0 0 0 0 0 0 0 0 0 7.423365802E-12 6.303014628E-12 
0 0 0 0 0 0 0 0 0 0 0 0 0 0 0 0 0 0 0 0 0 0 0 0 0 0 0 0 0 0 0 7.68377293E-12 
0 0 0 0 0 0 0 0 0 0 0 0 0 0 0 0 0 0 0 0 0 0 0 0 0 0 0 0 0 0 0 0 
