32 32
0 7.593892145E-12 6.307998906E-12 6.278170009E-12 6.261487619E-12 6.281083916E-12 6.261119175E-12 6.26557388E-12 7.250183867E-12 6.40916863E-12 6.28136398E-12 6.278277618E-12 6.268703967E-12 6.27220786E-12 6.302497689E-12 6.264438093E-12 6.277615337E-12 6.293339195E-12 6.229774095E-12 6.284389985E-12 6.273654161E-12 6.27431356E-12 6.286349372E-12 6.272648067E-12 6.276831845E-12 6.256582984E-12 6.262143518E-12 6.276578456E-12 6.233825082E-12 6.22407426E-12 6.255387817E-12 6.293633851E-12 
0 0 7.605476059E-12 6.336102355E-12 6.299195959E-12 6.316908489E-12 6.291762783E-12 6.294728257E-12 6.399590824E-12 7.152108524E-12 6.398384065E-12 6.313346302E-12 6.303351709E-12 6.306121476E-12 6.335346583E-12 6.295437118E-12 6.283609464E-12 6.322411993E-12 6.260171986E-12 6.315191618E-12 6.306357217E-12 6.30636431E-12 6.319521438E-12 6.302824921E-12 6.298606535E-12 6.28384112E-12 6.291655864E-12 6.305410478E-12 6.263936839E-12 6.257116308E-12 6.289116055E-12 6.324309725E-12 
0 0 0 7.459739186E-12 6.278004108E-12 6.270279693E-12 6.242515009E-12 6.243322005E-12 6.256556213E-12 6.35842476E-12 7.148036907E-12 6.334374037E-12 6.258401692E-12 6.261055128E-12 6.290092648E-12 6.246244737E-12 6.224640024E-12 6.265773522E-12 6.215550336E-12 6.273992695E-12 6.261330932E-12 6.262140411E-12 6.273948968E-12 6.25922094E-12 6.248414317E-12 6.231376932E-12 6.249540822E-12 6.267297907E-12 6.226948264E-12 6.211788232E-12 6.244621935E-12 6.279933449E-12 
0 0 0 0 7.556228203E-12 6.341494393E-12 6.288788412E-12 6.289325193E-12 6.284324441E-12 6.31312563E-12 6.37598896E-12 7.197005496E-12 6.363178361E-12 6.306909961E-12 6.333342218E-12 6.290443182E-12 6.262278125E-12 6.303848539E-12 6.254447598E-12 6.319712506E-12 6.305248413E-12 6.304829626E-12 6.317347114E-12 6.302766193E-12 6.287431603E-12 6.273384307E-12 6.2893601E-12 6.312799538E-12 6.269172577E-12 6.25862256E-12 6.290385697E-12 6.324647573E-12 
0 0 0 0 0 7.537374451E-12 6.306297327E-12 6.28274384E-12 6.262463872E-12 6.288261962E-12 6.285971796E-12 6.377068422E-12 7.128287598E-12 6.356618884E-12 6.325877884E-12 6.279897654E-12 6.247193175E-12 6.287490958E-12 6.241136049E-12 6.302610492E-12 6.293896887E-12 6.29155538E-12 6.305143865E-12 6.289197382E-12 6.270640039E-12 6.256155975E-12 6.274929416E-12 6.297909597E-12 6.255468856E-12 6.243527652E-12 6.27606178E-12 6.31072977E-12 
0 0 0 0 0 0 7.473462134E-12 6.286673879E-12 6.22874876E-12 6.251091377E-12 6.249461266E-12 6.264179862E-12 6.330528567E-12 7.045445507E-12 6.361087108E-12 6.252809256E-12 6.213967331E-12 6.252618711E-12 6.205119051E-12 6.270210604E-12 6.259040771E-12 6.260835935E-12 6.269793802E-12 6.254428237E-12 6.233595995E-12 6.22228713E-12 6.238790822E-12 6.263428399E-12 6.222849068E-12 6.210202369E-12 6.242003196E-12 6.277714734E-12 
0 0 0 0 0 0 0 7.658746837E-12 6.270910121E-12 6.292383088E-12 6.288221553E-12 6.300451891E-12 6.296041453E-12 6.371496771E-12 7.260521772E-12 6.369311055E-12 6.251626437E-12 6.289509683E-12 6.245830228E-12 6.304250728E-12 6.29218179E-12 6.295521062E-12 6.310385544E-12 6.296750583E-12 6.273150747E-12 6.260156852E-12 6.278725507E-12 6.302217686E-12 6.262605561E-12 6.248616721E-12 6.28198775E-12 6.31631131E-12 
0 0 0 0 0 0 0 0 6.272550598E-12 6.293780075E-12 6.290657729E-12 6.304002744E-12 6.294184468E-12 6.301840709E-12 6.419155128E-12 7.188084477E-12 6.254911302E-12 6.294770739E-12 6.248656731E-12 6.312990205E-12 6.301569742E-12 6.302281087E-12 6.313111505E-12 6.313303486E-12 6.28084646E-12 6.266870969E-12 6.287823438E-12 6.307263044E-12 6.266248754E-12 6.255242167E-12 6.28802141E-12 6.324170013E-12 
0 0 0 0 0 0 0 0 0 7.518456307E-12 6.291195149E-12 6.282821774E-12 6.271525769E-12 6.280617542E-12 6.309614804E-12 6.265957533E-12 7.258633838E-12 6.405065139E-12 6.240018892E-12 6.292558221E-12 6.282594624E-12 6.28117182E-12 6.2910291E-12 6.278436666E-12 6.302899814E-12 6.269001023E-12 6.270005329E-12 6.28428557E-12 6.244385025E-12 6.231166537E-12 6.263755963E-12 6.299564905E-12 
0 0 0 0 0 0 0 0 0 0 7.470840391E-12 6.296125268E-12 6.285440324E-12 6.290434465E-12 6.321093072E-12 6.275609698E-12 6.355119393E-12 7.184674014E-12 6.301291632E-12 6.304032772E-12 6.293530451E-12 6.29342172E-12 6.306486321E-12 6.289796219E-12 6.282678491E-12 6.268949095E-12 6.279090024E-12 6.299695752E-12 6.258317935E-12 6.245791924E-12 6.277435835E-12 6.310872424E-12 
0 0 0 0 0 0 0 0 0 0 0 7.20744734E-12 6.656598568E-12 6.657280572E-12 6.731285117E-12 6.6476429E-12 6.276084858E-12 6.390951766E-12 7.054218133E-12 6.859230131E-12 6.805644851E-12 6.795727074E-12 6.874657297E-12 6.758408112E-12 6.298441562E-12 6.291044213E-12 6.672416702E-12 6.909995627E-12 6.809415415E-12 6.75999821E-12 6.811909352E-12 6.762887159E-12 
0 0 0 0 0 0 0 0 0 0 0 0 7.484173305E-12 6.854302174E-12 6.956629612E-12 6.851549473E-12 6.255295409E-12 6.312172343E-12 6.742548077E-12 7.523186758E-12 7.112486687E-12 7.084768409E-12 7.203547095E-12 7.025573921E-12 6.282570708E-12 6.280650374E-12 6.887698787E-12 7.262311331E-12 7.126401447E-12 7.048796591E-12 7.115559137E-12 7.012627846E-12 
0 0 0 0 0 0 0 0 0 0 0 0 0 7.415517102E-12 6.833690291E-12 6.739387741E-12 6.238882459E-12 6.290317894E-12 6.633489042E-12 7.008865066E-12 7.371231739E-12 6.949006024E-12 7.036192529E-12 6.883393892E-12 6.264581739E-12 6.259492463E-12 6.766912012E-12 7.083925753E-12 6.96643306E-12 6.896676603E-12 6.957566929E-12 6.879124195E-12 
0 0 0 0 0 0 0 0 0 0 0 0 0 0 7.432553095E-12 6.729723362E-12 6.237683202E-12 6.290060138E-12 6.625524434E-12 6.988482577E-12 6.948786381E-12 7.364420164E-12 7.037967887E-12 6.875709794E-12 6.264518527E-12 6.260467993E-12 6.760983023E-12 7.069936788E-12 6.953255647E-12 6.888921723E-12 6.947368369E-12 6.871913032E-12 
0 0 0 0 0 0 0 0 0 0 0 0 0 0 0 7.524385124E-12 6.259709502E-12 6.314078199E-12 6.699429133E-12 7.099164669E-12 7.040495124E-12 7.040168238E-12 7.485165332E-12 6.983844382E-12 6.282745715E-12 6.280967914E-12 6.844817189E-12 7.19166431E-12 7.065053693E-12 6.992357478E-12 7.05876538E-12 6.964526318E-12 
0 0 0 0 0 0 0 0 0 0 0 0 0 0 0 0 6.26220931E-12 6.314559151E-12 6.657727185E-12 7.023520686E-12 6.969992895E-12 6.957742466E-12 7.073375148E-12 7.430652088E-12 6.287319503E-12 6.284196512E-12 6.79373713E-12 7.108880719E-12 6.99058079E-12 6.920763031E-12 6.982576534E-12 6.915522812E-12 
0 0 0 0 0 0 0 0 0 0 0 0 0 0 0 0 0 7.51000232E-12 6.245414509E-12 6.291355615E-12 6.281563039E-12 6.283234263E-12 6.291449548E-12 6.276849387E-12 7.271655664E-12 6.376483048E-12 6.275027133E-12 6.283155574E-12 6.243208325E-12 6.231944885E-12 6.265701657E-12 6.30019615E-12 
0 0 0 0 0 0 0 0 0 0 0 0 0 0 0 0 0 0 7.39196838E-12 6.347141503E-12 6.336453364E-12 6.337504807E-12 6.350306082E-12 6.33171452E-12 6.419204941E-12 7.122654235E-12 6.379884154E-12 6.345847848E-12 6.301747189E-12 6.289656651E-12 6.320452402E-12 6.354231077E-12 
0 0 0 0 0 0 0 0 0 0 0 0 0 0 0 0 0 0 0 7.29010347E-12 6.857939069E-12 6.848421582E-12 6.9355608E-12 6.801212084E-12 6.279488894E-12 6.341226368E-12 7.270278273E-12 6.987271539E-12 6.865992807E-12 6.807151836E-12 6.862487545E-12 6.8019091E-12 
0 0 0 0 0 0 0 0 0 0 0 0 0 0 0 0 0 0 0 0 7.80305438E-12 7.224526146E-12 7.369976644E-12 7.150221638E-12 6.225866297E-12 6.227727699E-12 6.996378119E-12 7.866990501E-12 7.300229675E-12 7.192150121E-12 7.266372187E-12 7.132795077E-12 
0 0 0 0 0 0 0 0 0 0 0 0 0 0 0 0 0 0 0 0 0 7.642329996E-12 7.359051584E-12 7.150174727E-12 6.2786182E-12 6.278697542E-12 6.990698228E-12 7.440326668E-12 7.649421845E-12 7.19988053E-12 7.255889166E-12 7.131439292E-12 
0 0 0 0 0 0 0 0 0 0 0 0 0 0 0 0 0 0 0 0 0 0 7.812240263E-12 7.124492263E-12 6.267445763E-12 6.267514448E-12 6.965745923E-12 7.396436586E-12 7.26121013E-12 7.553115737E-12 7.247191454E-12 7.108953534E-12 
0 0 0 0 0 0 0 0 0 0 0 0 0 0 0 0 0 0 0 0 0 0 0 7.706564426E-12 6.302537217E-12 6.304843139E-12 7.09793831E-12 7.58399801E-12 7.421265951E-12 7.332033984E-12 7.766237676E-12 7.26629377E-12 
0 0 0 0 0 0 0 0 0 0 0 0 0 0 0 0 0 0 0 0 0 0 0 0 6.264486886E-12 6.264594498E-12 6.91383051E-12 7.314214368E-12 7.1730252E-12 7.089734875E-12 7.174157833E-12 7.693618988E-12 
0 0 0 0 0 0 0 0 0 0 0 0 0 0 0 0 0 0 0 0 0 0 0 0 0 7.492054477E-12 6.268781259E-12 6.266665549E-12 6.222034101E-12 6.211048638E-12 6.241639644E-12 6.276091326E-12 
0 0 0 0 0 0 0 0 0 0 0 0 0 0 0 0 0 0 0 0 0 0 0 0 0 0 7.363462958E-12 6.295642244E-12 6.246901643E-12 6.233298092E-12 6.265176688E-12 6.297650686E-12 
0 0 0 0 0 0 0 0 0 0 0 0 0 0 0 0 0 0 0 0 0 0 0 0 0 0 0 7.688759472E-12 6.982892089E-12 6.908245396E-12 6.969997513E-12 6.885383988E-12 
0 0 0 0 0 0 0 0 0 0 0 0 0 0 0 0 0 0 0 0 0 0 0 0 0 0 0 0 8.01439577E-12 7.366336295E-12 7.445622779E-12 7.288905646E-12 
0 0 0 0 0 0 0 0 0 0 0 0 0 0 0 0 0 0 0 0 0 0 0 0 0 0 0 0 0 7.855805665E-12 7.309363288E-12 7.169890206E-12 
0 0 0 0 0 0 0 0 0 0 0 0 0 0 0 0 0 0 0 0 0 0 0 0 0 0 0 0 0 0 7.763246609E-12 7.096849609E-12 
0 0 0 0 0 0 0 0 0 0 0 0 0 0 0 0 0 0 0 0 0 0 0 0 0 0 0 0 0 0 0 7.780639518E-12 
0 0 0 0 0 0 0 0 0 0 0 0 0 0 0 0 0 0 0 0 0 0 0 0 0 0 0 0 0 0 0 0 
