32 32
0 7.83046351E-12 7.196858745E-12 7.120672544E-12 6.286878385E-12 6.288059241E-12 6.261873676E-12 6.261945606E-12 7.672570951E-12 7.279477556E-12 7.146212194E-12 6.891804312E-12 6.297015437E-12 6.278112602E-12 6.304476583E-12 6.262519407E-12 7.183959671E-12 7.236192205E-12 7.089461917E-12 6.866837099E-12 6.300759008E-12 6.276853279E-12 6.283109713E-12 6.268661479E-12 7.269648527E-12 7.264034201E-12 7.275520609E-12 7.211511551E-12 6.264619465E-12 6.226641878E-12 6.254884955E-12 6.289499204E-12 
0 0 7.948554734E-12 7.254667562E-12 6.317852852E-12 6.31325703E-12 6.289372098E-12 6.292651463E-12 7.353471746E-12 7.756070509E-12 7.301271913E-12 6.99922971E-12 6.334426813E-12 6.31027126E-12 6.337688569E-12 6.291997216E-12 7.324701714E-12 7.386732749E-12 7.226842488E-12 6.97090937E-12 6.336770958E-12 6.308911459E-12 6.314408926E-12 6.301816175E-12 7.420053181E-12 7.416284017E-12 7.427124478E-12 7.35592303E-12 6.297044458E-12 6.261643269E-12 6.289284922E-12 6.320314034E-12 
0 0 0 7.684256312E-12 6.276530012E-12 6.270441778E-12 6.243167554E-12 6.244326556E-12 7.247485385E-12 7.328246611E-12 7.627578157E-12 6.927003357E-12 6.279008691E-12 6.258982206E-12 6.284561207E-12 6.244420767E-12 7.225972983E-12 7.285962582E-12 7.132955483E-12 6.890923147E-12 6.287136077E-12 6.260111491E-12 6.264190124E-12 6.253144557E-12 7.320532671E-12 7.319572771E-12 7.330447373E-12 7.259740838E-12 6.24821967E-12 6.211916252E-12 6.236372928E-12 6.269675107E-12 
0 0 0 0 7.389150594E-12 6.327464799E-12 6.2868764E-12 6.285955807E-12 7.208780391E-12 7.271982282E-12 7.164207345E-12 7.462447471E-12 6.367016486E-12 6.303975953E-12 6.326187195E-12 6.285573781E-12 7.186340186E-12 7.243786291E-12 7.097229374E-12 6.882679454E-12 6.327355461E-12 6.299081029E-12 6.304919515E-12 6.292846484E-12 7.272885174E-12 7.272599642E-12 7.280061815E-12 7.217340552E-12 6.284335261E-12 6.251145315E-12 6.277434814E-12 6.313020555E-12 
0 0 0 0 0 7.530561144E-12 6.304734957E-12 6.281908108E-12 6.297465551E-12 6.316320525E-12 6.302428259E-12 6.364888686E-12 7.160633157E-12 6.379205721E-12 6.323586094E-12 6.271403867E-12 6.280152998E-12 6.315641803E-12 6.262360538E-12 6.306910914E-12 6.285455534E-12 6.284903599E-12 6.288557258E-12 6.277381442E-12 6.304400939E-12 6.289712391E-12 6.296785875E-12 6.310941548E-12 6.239901574E-12 6.232253919E-12 6.262928131E-12 6.296396554E-12 
0 0 0 0 0 0 7.476588995E-12 6.292361394E-12 6.233941625E-12 6.258419857E-12 6.244542308E-12 6.250224299E-12 6.353044194E-12 7.096650369E-12 6.383381285E-12 6.253038631E-12 6.217432083E-12 6.260881579E-12 6.202643705E-12 6.256421475E-12 6.250503852E-12 6.255809225E-12 6.260984525E-12 6.246707457E-12 6.242782199E-12 6.230523003E-12 6.235931897E-12 6.249580841E-12 6.202280116E-12 6.19567658E-12 6.225115228E-12 6.262788379E-12 
0 0 0 0 0 0 0 7.665170353E-12 6.269190572E-12 6.290382284E-12 6.28010076E-12 6.285385201E-12 6.291642069E-12 6.395697445E-12 7.308384252E-12 6.39502215E-12 6.257346942E-12 6.293032521E-12 6.242791417E-12 6.295507235E-12 6.285136115E-12 6.293124561E-12 6.309025241E-12 6.29462605E-12 6.282315612E-12 6.266219788E-12 6.271988274E-12 6.28655383E-12 6.244351584E-12 6.237309095E-12 6.272699274E-12 6.304622616E-12 
0 0 0 0 0 0 0 0 6.271187952E-12 6.293096076E-12 6.282596534E-12 6.285954647E-12 6.287597783E-12 6.307449434E-12 6.445723228E-12 7.247677304E-12 6.257902381E-12 6.294167178E-12 6.242451302E-12 6.297190263E-12 6.287753671E-12 6.292836912E-12 6.307357606E-12 6.318006898E-12 6.280046007E-12 6.264263299E-12 6.274290595E-12 6.290299216E-12 6.246247009E-12 6.238850225E-12 6.273709806E-12 6.316966423E-12 
0 0 0 0 0 0 0 0 0 7.811477513E-12 7.229198323E-12 6.95733276E-12 6.307484958E-12 6.287816142E-12 6.309820906E-12 6.26501346E-12 7.782454538E-12 7.347444601E-12 7.176626966E-12 6.929465125E-12 6.312829472E-12 6.284817676E-12 6.289323627E-12 6.276498474E-12 7.372006388E-12 7.361968243E-12 7.372023872E-12 7.299795167E-12 6.27411734E-12 6.236667962E-12 6.261996232E-12 6.299574601E-12 
0 0 0 0 0 0 0 0 0 0 7.844121744E-12 6.982958357E-12 6.30548911E-12 6.286514489E-12 6.307582445E-12 6.265881991E-12 7.325046847E-12 7.802853124E-12 7.228853288E-12 6.95517411E-12 6.310523116E-12 6.283436105E-12 6.289807435E-12 6.27493191E-12 7.409648984E-12 7.407834627E-12 7.419146359E-12 7.341679578E-12 6.274343967E-12 6.234514362E-12 6.262979867E-12 6.296184542E-12 
0 0 0 0 0 0 0 0 0 0 0 7.302286358E-12 6.324616093E-12 6.303715044E-12 6.328402072E-12 6.287707429E-12 7.216671354E-12 7.291176732E-12 7.522068141E-12 6.914930614E-12 6.327387412E-12 6.305427103E-12 6.311008644E-12 6.299049059E-12 7.304605778E-12 7.301073983E-12 7.316324436E-12 7.247588853E-12 6.289735729E-12 6.256472626E-12 6.285383063E-12 6.320043528E-12 
0 0 0 0 0 0 0 0 0 0 0 0 7.29335848E-12 6.295150507E-12 6.316083643E-12 6.270923242E-12 6.924708456E-12 6.977259958E-12 6.870383767E-12 7.230757334E-12 6.368481609E-12 6.290579819E-12 6.293992357E-12 6.282832866E-12 6.994460277E-12 6.984783147E-12 6.995163536E-12 6.956845447E-12 6.264818936E-12 6.23589892E-12 6.264667869E-12 6.300015297E-12 
0 0 0 0 0 0 0 0 0 0 0 0 0 7.460072183E-12 6.321842237E-12 6.25929789E-12 6.267416501E-12 6.306164596E-12 6.248374158E-12 6.346047408E-12 7.162997863E-12 6.370622981E-12 6.291343925E-12 6.269331025E-12 6.297375575E-12 6.28418737E-12 6.290454898E-12 6.301906229E-12 6.240185326E-12 6.224994238E-12 6.254342926E-12 6.288585553E-12 
0 0 0 0 0 0 0 0 0 0 0 0 0 0 7.436502402E-12 6.287081674E-12 6.243325107E-12 6.279870997E-12 6.22441174E-12 6.281871036E-12 6.365007466E-12 7.19492255E-12 6.384400393E-12 6.282073488E-12 6.267046375E-12 6.253557475E-12 6.260029524E-12 6.274847833E-12 6.234564237E-12 6.229363097E-12 6.257524577E-12 6.291651111E-12 
0 0 0 0 0 0 0 0 0 0 0 0 0 0 0 7.580821778E-12 6.257254247E-12 6.297021383E-12 6.241279031E-12 6.297456608E-12 6.297942665E-12 6.393012586E-12 7.151917539E-12 6.396989601E-12 6.282257636E-12 6.267039054E-12 6.275275583E-12 6.292148413E-12 6.250217412E-12 6.24712227E-12 6.281805407E-12 6.316771196E-12 
0 0 0 0 0 0 0 0 0 0 0 0 0 0 0 0 6.260048926E-12 6.299429642E-12 6.242883962E-12 6.300582059E-12 6.296011141E-12 6.306765323E-12 6.425416737E-12 7.285112608E-12 6.287323895E-12 6.270652801E-12 6.27975664E-12 6.292630439E-12 6.252023374E-12 6.248184939E-12 6.28379337E-12 6.33976216E-12 
0 0 0 0 0 0 0 0 0 0 0 0 0 0 0 0 0 7.766327259E-12 7.16874433E-12 6.921306449E-12 6.308178659E-12 6.281320327E-12 6.28558288E-12 6.272535363E-12 7.842299092E-12 7.365033609E-12 7.362689882E-12 7.291640409E-12 6.271204497E-12 6.232264766E-12 6.264069134E-12 6.296091941E-12 
0 0 0 0 0 0 0 0 0 0 0 0 0 0 0 0 0 0 7.772352096E-12 6.972107597E-12 6.349521597E-12 6.323898977E-12 6.329727777E-12 6.313579883E-12 7.421457154E-12 7.758354726E-12 7.432742046E-12 7.347086838E-12 6.30709108E-12 6.269835215E-12 6.298655949E-12 6.329726076E-12 
0 0 0 0 0 0 0 0 0 0 0 0 0 0 0 0 0 0 0 7.291507281E-12 6.30589844E-12 6.277907208E-12 6.285233888E-12 6.26943836E-12 7.265690945E-12 7.280286582E-12 7.686244932E-12 7.225829857E-12 6.266190666E-12 6.232899258E-12 6.260976854E-12 6.296567506E-12 
0 0 0 0 0 0 0 0 0 0 0 0 0 0 0 0 0 0 0 0 7.358097257E-12 6.234390462E-12 6.239865999E-12 6.221330149E-12 6.899365639E-12 6.892435528E-12 6.913988521E-12 7.414586855E-12 6.262997856E-12 6.18102005E-12 6.208957876E-12 6.244065133E-12 
0 0 0 0 0 0 0 0 0 0 0 0 0 0 0 0 0 0 0 0 0 7.384884691E-12 6.313080041E-12 6.284385334E-12 6.308704821E-12 6.296108104E-12 6.305826661E-12 6.377066197E-12 7.093274492E-12 6.3428686E-12 6.27923057E-12 6.306534599E-12 
0 0 0 0 0 0 0 0 0 0 0 0 0 0 0 0 0 0 0 0 0 0 7.467656156E-12 6.293250916E-12 6.270944306E-12 6.254317724E-12 6.263898038E-12 6.280346281E-12 6.334822303E-12 7.099325532E-12 6.363894208E-12 6.303903701E-12 
0 0 0 0 0 0 0 0 0 0 0 0 0 0 0 0 0 0 0 0 0 0 0 7.527770447E-12 6.295214952E-12 6.281223998E-12 6.288312675E-12 6.303448313E-12 6.27305097E-12 6.358003709E-12 7.148393602E-12 6.436752741E-12 
0 0 0 0 0 0 0 0 0 0 0 0 0 0 0 0 0 0 0 0 0 0 0 0 6.262730841E-12 6.246697354E-12 6.252907253E-12 6.268896585E-12 6.233841391E-12 6.238322434E-12 6.379156919E-12 7.401269802E-12 
0 0 0 0 0 0 0 0 0 0 0 0 0 0 0 0 0 0 0 0 0 0 0 0 0 7.860613813E-12 7.416157327E-12 7.338312457E-12 6.25054531E-12 6.213104464E-12 6.238953045E-12 6.276889146E-12 
0 0 0 0 0 0 0 0 0 0 0 0 0 0 0 0 0 0 0 0 0 0 0 0 0 0 7.947708588E-12 7.355964159E-12 6.257982484E-12 6.217811348E-12 6.242820936E-12 6.280083673E-12 
0 0 0 0 0 0 0 0 0 0 0 0 0 0 0 0 0 0 0 0 0 0 0 0 0 0 0 7.903264939E-12 6.232002764E-12 6.190311505E-12 6.215147953E-12 6.249726845E-12 
0 0 0 0 0 0 0 0 0 0 0 0 0 0 0 0 0 0 0 0 0 0 0 0 0 0 0 0 7.275940118E-12 6.235796298E-12 6.252496462E-12 6.287864244E-12 
0 0 0 0 0 0 0 0 0 0 0 0 0 0 0 0 0 0 0 0 0 0 0 0 0 0 0 0 0 7.502382778E-12 6.264397036E-12 6.272759642E-12 
0 0 0 0 0 0 0 0 0 0 0 0 0 0 0 0 0 0 0 0 0 0 0 0 0 0 0 0 0 0 7.422978873E-12 6.304112957E-12 
0 0 0 0 0 0 0 0 0 0 0 0 0 0 0 0 0 0 0 0 0 0 0 0 0 0 0 0 0 0 0 7.685573537E-12 
0 0 0 0 0 0 0 0 0 0 0 0 0 0 0 0 0 0 0 0 0 0 0 0 0 0 0 0 0 0 0 0 
