32 32
0 7.617973148E-12 6.309832495E-12 6.280041541E-12 6.2625569E-12 6.283710675E-12 6.261003987E-12 6.263511893E-12 7.269448946E-12 6.410407122E-12 6.290916153E-12 6.282619437E-12 6.271378684E-12 6.274196007E-12 6.304719668E-12 6.262414533E-12 6.277294325E-12 6.295179758E-12 6.235029668E-12 6.287188604E-12 6.272608614E-12 6.271558994E-12 6.281947448E-12 6.270885041E-12 6.277782856E-12 6.258079932E-12 6.262817254E-12 6.277409358E-12 6.235592166E-12 6.223763844E-12 6.255146051E-12 6.294079846E-12 
0 0 7.626998049E-12 6.335890149E-12 6.299590745E-12 6.314861612E-12 6.292782501E-12 6.293415518E-12 6.402927903E-12 7.171463062E-12 6.418788967E-12 6.320198059E-12 6.304673039E-12 6.307993827E-12 6.336731227E-12 6.293614634E-12 6.285953045E-12 6.326575243E-12 6.266572642E-12 6.32078657E-12 6.307048765E-12 6.305930125E-12 6.313785496E-12 6.302246824E-12 6.303327212E-12 6.286828808E-12 6.294862151E-12 6.305611366E-12 6.266196889E-12 6.256660212E-12 6.287918547E-12 6.323915908E-12 
0 0 0 7.485092633E-12 6.285724311E-12 6.277233591E-12 6.248478878E-12 6.24937066E-12 6.263825031E-12 6.372044113E-12 7.211718259E-12 6.368228128E-12 6.26782123E-12 6.263686922E-12 6.28922015E-12 6.246502143E-12 6.232336739E-12 6.274190681E-12 6.224703366E-12 6.27526596E-12 6.260427206E-12 6.26030067E-12 6.268636858E-12 6.255456538E-12 6.254527655E-12 6.237296262E-12 6.245454369E-12 6.259487412E-12 6.216801383E-12 6.205818231E-12 6.237105121E-12 6.274790591E-12 
0 0 0 0 7.584351763E-12 6.34831887E-12 6.294832032E-12 6.291420821E-12 6.28741398E-12 6.318029064E-12 6.404839138E-12 7.263281492E-12 6.39144201E-12 6.311908583E-12 6.330956126E-12 6.287085219E-12 6.26832503E-12 6.307635719E-12 6.257287002E-12 6.318093596E-12 6.302892248E-12 6.299461654E-12 6.306741175E-12 6.294269172E-12 6.290242834E-12 6.275216946E-12 6.282689033E-12 6.297739013E-12 6.257808371E-12 6.247540836E-12 6.277856442E-12 6.313630477E-12 
0 0 0 0 0 7.56015011E-12 6.31141124E-12 6.28704768E-12 6.267828692E-12 6.292809049E-12 6.29148503E-12 6.40405763E-12 7.193274723E-12 6.384790188E-12 6.323419956E-12 6.274596418E-12 6.247935546E-12 6.288506869E-12 6.23826446E-12 6.297259955E-12 6.292400802E-12 6.287903951E-12 6.291117155E-12 6.27908405E-12 6.272314178E-12 6.256817125E-12 6.263920735E-12 6.280697881E-12 6.240317062E-12 6.23065835E-12 6.261357439E-12 6.297985875E-12 
0 0 0 0 0 0 7.498192152E-12 6.291655012E-12 6.231096381E-12 6.253019655E-12 6.246320174E-12 6.263860697E-12 6.358895002E-12 7.111938981E-12 6.383712924E-12 6.255317209E-12 6.213951665E-12 6.256085993E-12 6.201981196E-12 6.258819929E-12 6.251537546E-12 6.257825491E-12 6.262704224E-12 6.251023225E-12 6.236671876E-12 6.222022606E-12 6.230948984E-12 6.24748258E-12 6.208205319E-12 6.198603811E-12 6.229946328E-12 6.267096383E-12 
0 0 0 0 0 0 0 7.68851595E-12 6.271883504E-12 6.293755029E-12 6.284645954E-12 6.294014828E-12 6.297917921E-12 6.399253652E-12 7.32182694E-12 6.399764593E-12 6.256573921E-12 6.295693616E-12 6.241295231E-12 6.298084495E-12 6.289865655E-12 6.293461304E-12 6.312016048E-12 6.302148847E-12 6.281207052E-12 6.266305471E-12 6.273407048E-12 6.287465338E-12 6.24773968E-12 6.239065109E-12 6.271123654E-12 6.310969632E-12 
0 0 0 0 0 0 0 0 6.275620336E-12 6.295749997E-12 6.285730258E-12 6.293809662E-12 6.290284635E-12 6.309508221E-12 6.449856152E-12 7.265359167E-12 6.257018859E-12 6.297781384E-12 6.242922647E-12 6.300220336E-12 6.292544004E-12 6.296041804E-12 6.312734952E-12 6.324243764E-12 6.281982692E-12 6.268920763E-12 6.276755821E-12 6.293383002E-12 6.253754541E-12 6.243122617E-12 6.277966599E-12 6.321307265E-12 
0 0 0 0 0 0 0 0 0 7.546522544E-12 6.308093878E-12 6.292970414E-12 6.278774774E-12 6.282227407E-12 6.311998356E-12 6.269697935E-12 7.285694212E-12 6.413560777E-12 6.251559326E-12 6.295576883E-12 6.283380515E-12 6.279666523E-12 6.287956894E-12 6.277982221E-12 6.30606362E-12 6.272188807E-12 6.273772237E-12 6.285454361E-12 6.243124236E-12 6.231852165E-12 6.263846331E-12 6.299267065E-12 
0 0 0 0 0 0 0 0 0 0 7.590363283E-12 6.310780682E-12 6.280779485E-12 6.281368881E-12 6.308298701E-12 6.267928101E-12 6.360960238E-12 7.210008016E-12 6.337852107E-12 6.306545957E-12 6.283335347E-12 6.282109536E-12 6.290450857E-12 6.277887411E-12 6.285641938E-12 6.273781685E-12 6.276890484E-12 6.287167528E-12 6.243483132E-12 6.232785143E-12 6.263343279E-12 6.299033396E-12 
0 0 0 0 0 0 0 0 0 0 0 7.386770975E-12 6.324403116E-12 6.310019826E-12 6.333463418E-12 6.290609119E-12 6.28831956E-12 6.426143829E-12 7.119970085E-12 6.418795238E-12 6.314625746E-12 6.303816554E-12 6.309977817E-12 6.298894328E-12 6.301464086E-12 6.28643788E-12 6.301367872E-12 6.312878767E-12 6.267523347E-12 6.254171659E-12 6.286235706E-12 6.320477115E-12 
0 0 0 0 0 0 0 0 0 0 0 0 7.46561024E-12 6.315526668E-12 6.323855383E-12 6.279013658E-12 6.259524495E-12 6.311576365E-12 6.348910894E-12 7.181683077E-12 6.403977298E-12 6.301467563E-12 6.300442321E-12 6.287311176E-12 6.284616608E-12 6.269603304E-12 6.282609589E-12 6.301140777E-12 6.257018084E-12 6.241051343E-12 6.270907543E-12 6.306438761E-12 
0 0 0 0 0 0 0 0 0 0 0 0 0 7.489930283E-12 6.326220664E-12 6.272243166E-12 6.24161108E-12 6.281387537E-12 6.236971216E-12 6.378596603E-12 7.194212881E-12 6.378287924E-12 6.291829401E-12 6.276961142E-12 6.265517909E-12 6.250317781E-12 6.260726493E-12 6.27752968E-12 6.242458032E-12 6.228659761E-12 6.257361577E-12 6.291893834E-12 
0 0 0 0 0 0 0 0 0 0 0 0 0 0 7.41673447E-12 6.325216694E-12 6.238009112E-12 6.278610064E-12 6.225637742E-12 6.29239781E-12 6.372510962E-12 7.208829065E-12 6.378816875E-12 6.318399567E-12 6.264401362E-12 6.248502996E-12 6.256778369E-12 6.275120894E-12 6.238819266E-12 6.233404891E-12 6.260376207E-12 6.29468111E-12 
0 0 0 0 0 0 0 0 0 0 0 0 0 0 0 9.405629984E-12 6.258642661E-12 6.297169419E-12 6.242704734E-12 6.30185018E-12 6.299469342E-12 6.38667062E-12 8.044563124E-12 8.218436207E-12 6.281030764E-12 6.266270214E-12 6.276310608E-12 6.292068991E-12 6.254464044E-12 6.249247131E-12 6.286487754E-12 6.323436752E-12 
0 0 0 0 0 0 0 0 0 0 0 0 0 0 0 0 6.264218996E-12 6.302133358E-12 6.248335753E-12 6.306116546E-12 6.302225208E-12 6.351406085E-12 8.489721387E-12 9.983717636E-12 6.285315784E-12 6.27063767E-12 6.279003349E-12 6.294783472E-12 6.259250135E-12 6.254017317E-12 6.29408615E-12 6.352353458E-12 
0 0 0 0 0 0 0 0 0 0 0 0 0 0 0 0 0 7.539513647E-12 6.265789401E-12 6.298527412E-12 6.282564298E-12 6.282349529E-12 6.290420391E-12 6.277543952E-12 7.293775881E-12 6.386481387E-12 6.287156496E-12 6.289906426E-12 6.242220063E-12 6.233276509E-12 6.263492785E-12 6.298093049E-12 
0 0 0 0 0 0 0 0 0 0 0 0 0 0 0 0 0 0 7.53772244E-12 6.355002526E-12 6.32224455E-12 6.319203828E-12 6.32802825E-12 6.314041555E-12 6.425989297E-12 7.148450198E-12 6.409769327E-12 6.33493982E-12 6.284505533E-12 6.269276776E-12 6.299350631E-12 6.336622768E-12 
0 0 0 0 0 0 0 0 0 0 0 0 0 0 0 0 0 0 0 7.421772373E-12 6.305800737E-12 6.285345234E-12 6.287820808E-12 6.275100229E-12 6.29164571E-12 6.376862476E-12 7.178838513E-12 6.396622366E-12 6.255259133E-12 6.233873234E-12 6.263260828E-12 6.299056005E-12 
0 0 0 0 0 0 0 0 0 0 0 0 0 0 0 0 0 0 0 0 7.533417246E-12 6.255646614E-12 6.242855504E-12 6.227661625E-12 6.228580702E-12 6.223426438E-12 6.325573442E-12 7.174990558E-12 6.297316708E-12 6.194740203E-12 6.214744626E-12 6.249384818E-12 
0 0 0 0 0 0 0 0 0 0 0 0 0 0 0 0 0 0 0 0 0 7.409787103E-12 6.316813403E-12 6.292120487E-12 6.280197454E-12 6.268766812E-12 6.286804004E-12 6.403872515E-12 7.127655891E-12 6.348669085E-12 6.283292589E-12 6.30883497E-12 
0 0 0 0 0 0 0 0 0 0 0 0 0 0 0 0 0 0 0 0 0 0 7.448358168E-12 6.332763393E-12 6.264395963E-12 6.251416803E-12 6.262842332E-12 6.288778526E-12 6.343484399E-12 7.112930652E-12 6.366298821E-12 6.306662829E-12 
0 0 0 0 0 0 0 0 0 0 0 0 0 0 0 0 0 0 0 0 0 0 0 9.287413636E-12 6.293516727E-12 6.276400353E-12 6.284795628E-12 6.306321776E-12 6.280436347E-12 6.358744202E-12 7.161960054E-12 6.43934048E-12 
0 0 0 0 0 0 0 0 0 0 0 0 0 0 0 0 0 0 0 0 0 0 0 0 6.264098069E-12 6.249280459E-12 6.256369854E-12 6.273347682E-12 6.239767194E-12 6.244054917E-12 6.384691179E-12 7.422407313E-12 
0 0 0 0 0 0 0 0 0 0 0 0 0 0 0 0 0 0 0 0 0 0 0 0 0 7.521305832E-12 6.29541866E-12 6.277394329E-12 6.225190732E-12 6.211221171E-12 6.241973201E-12 6.27629199E-12 
0 0 0 0 0 0 0 0 0 0 0 0 0 0 0 0 0 0 0 0 0 0 0 0 0 0 7.517250554E-12 6.309175705E-12 6.236193695E-12 6.21858152E-12 6.246450914E-12 6.282124468E-12 
0 0 0 0 0 0 0 0 0 0 0 0 0 0 0 0 0 0 0 0 0 0 0 0 0 0 0 7.638969917E-12 6.239067917E-12 6.196864656E-12 6.221475738E-12 6.255764544E-12 
0 0 0 0 0 0 0 0 0 0 0 0 0 0 0 0 0 0 0 0 0 0 0 0 0 0 0 0 7.475680534E-12 6.263093428E-12 6.261478245E-12 6.291537035E-12 
0 0 0 0 0 0 0 0 0 0 0 0 0 0 0 0 0 0 0 0 0 0 0 0 0 0 0 0 0 7.531994211E-12 6.269558169E-12 6.280057128E-12 
0 0 0 0 0 0 0 0 0 0 0 0 0 0 0 0 0 0 0 0 0 0 0 0 0 0 0 0 0 0 7.448685586E-12 6.308712399E-12 
0 0 0 0 0 0 0 0 0 0 0 0 0 0 0 0 0 0 0 0 0 0 0 0 0 0 0 0 0 0 0 7.713828312E-12 
0 0 0 0 0 0 0 0 0 0 0 0 0 0 0 0 0 0 0 0 0 0 0 0 0 0 0 0 0 0 0 0 
