32 32
0 7.591666472E-12 6.30721307E-12 6.275782926E-12 6.256850541E-12 6.280168442E-12 6.257116702E-12 6.259595259E-12 7.241766501E-12 6.40470457E-12 6.287440668E-12 6.279374715E-12 6.267141208E-12 6.272849088E-12 6.301531676E-12 6.260907043E-12 6.275558261E-12 6.290660912E-12 6.232878809E-12 6.285005175E-12 6.272442885E-12 6.273553141E-12 6.285039157E-12 6.27393784E-12 6.278256669E-12 6.255349945E-12 6.262922496E-12 6.274907518E-12 6.236293458E-12 6.227145325E-12 6.257328998E-12 6.292754227E-12 
0 0 7.606816359E-12 6.335287915E-12 6.292937911E-12 6.31452094E-12 6.291593419E-12 6.294139973E-12 6.400207907E-12 7.155855259E-12 6.417048882E-12 6.319853498E-12 6.300341287E-12 6.306117526E-12 6.336554035E-12 6.293942208E-12 6.283168817E-12 6.325141721E-12 6.266712442E-12 6.316655223E-12 6.303710107E-12 6.303658575E-12 6.314009955E-12 6.302711623E-12 6.300716042E-12 6.285108779E-12 6.291114886E-12 6.30579028E-12 6.266883003E-12 6.255289928E-12 6.288493836E-12 6.323998513E-12 
0 0 0 7.451702262E-12 6.260181901E-12 6.268556115E-12 6.249145483E-12 6.251269812E-12 6.259858183E-12 6.366272958E-12 7.194060308E-12 6.358506956E-12 6.254781219E-12 6.260178105E-12 6.292166031E-12 6.249653852E-12 6.230087968E-12 6.272454938E-12 6.218680129E-12 6.269918745E-12 6.256982735E-12 6.259388743E-12 6.266220964E-12 6.25422031E-12 6.245129842E-12 6.231051127E-12 6.236139439E-12 6.253191278E-12 6.21753916E-12 6.205824598E-12 6.238865602E-12 6.277790955E-12 
0 0 0 0 7.361726686E-12 6.351698955E-12 6.323150376E-12 6.319225252E-12 6.286641169E-12 6.31512081E-12 6.398363811E-12 7.228244652E-12 6.355841598E-12 6.326945746E-12 6.362475195E-12 6.31582885E-12 6.267594421E-12 6.306754572E-12 6.253482522E-12 6.312546184E-12 6.318106065E-12 6.324984501E-12 6.340104368E-12 6.323623899E-12 6.28801282E-12 6.272240196E-12 6.281492289E-12 6.29714394E-12 6.291746119E-12 6.281261848E-12 6.313310616E-12 6.349297336E-12 
0 0 0 0 0 7.898606305E-12 7.311862342E-12 7.156719909E-12 6.264168104E-12 6.288661216E-12 6.283254362E-12 6.37479978E-12 7.42435149E-12 7.194905832E-12 7.295336762E-12 7.087576888E-12 6.24729924E-12 6.286710831E-12 6.235914843E-12 6.325951284E-12 6.909604163E-12 7.121796042E-12 7.250614208E-12 7.096611307E-12 6.271120655E-12 6.256606189E-12 6.271358585E-12 6.313042895E-12 7.16282174E-12 7.188312518E-12 7.213725187E-12 7.242702719E-12 
0 0 0 0 0 0 8.054702275E-12 7.363202241E-12 6.231210588E-12 6.252691274E-12 6.248105364E-12 6.29504476E-12 7.102859961E-12 7.745399481E-12 7.538050186E-12 7.27697617E-12 6.21634617E-12 6.256105667E-12 6.202220607E-12 6.298317766E-12 7.037726217E-12 7.310757473E-12 7.469421256E-12 7.281507478E-12 6.235368167E-12 6.221883242E-12 6.238892808E-12 6.286423397E-12 7.371601527E-12 7.405132854E-12 7.43258009E-12 7.45751006E-12 
0 0 0 0 0 0 0 7.93106645E-12 6.268292581E-12 6.291519735E-12 6.290989379E-12 6.333798179E-12 7.082855555E-12 7.380780286E-12 7.973180357E-12 7.272423632E-12 6.255971225E-12 6.294567049E-12 6.246871311E-12 6.340572808E-12 7.034057313E-12 7.289888154E-12 7.441341849E-12 7.263155373E-12 6.280082837E-12 6.267355322E-12 6.278736001E-12 6.324316456E-12 7.346823267E-12 7.374951833E-12 7.406116035E-12 7.428544423E-12 
0 0 0 0 0 0 0 0 6.272922413E-12 6.296451763E-12 6.289782909E-12 6.326144621E-12 6.967273006E-12 7.209064229E-12 7.340164451E-12 7.641896023E-12 6.259184112E-12 6.297166911E-12 6.249198817E-12 6.33506593E-12 6.927441153E-12 7.143593633E-12 7.271609146E-12 7.127770092E-12 6.28258246E-12 6.267978971E-12 6.27951524E-12 6.322233063E-12 7.185245659E-12 7.208732411E-12 7.235808437E-12 7.263409697E-12 
0 0 0 0 0 0 0 0 0 7.524700563E-12 6.30727664E-12 6.286714282E-12 6.275176618E-12 6.280149007E-12 6.308786909E-12 6.269400496E-12 7.263043639E-12 6.409363602E-12 6.250403231E-12 6.295776249E-12 6.277060277E-12 6.279787794E-12 6.288717565E-12 6.273730577E-12 6.304417504E-12 6.268750951E-12 6.270099986E-12 6.280259247E-12 6.241543811E-12 6.229268578E-12 6.26149735E-12 6.299833069E-12 
0 0 0 0 0 0 0 0 0 0 7.567244165E-12 6.305797234E-12 6.27633096E-12 6.281699039E-12 6.311991526E-12 6.268436852E-12 6.358025578E-12 7.198143338E-12 6.337795348E-12 6.301142704E-12 6.277164902E-12 6.279700812E-12 6.29071197E-12 6.276495452E-12 6.283500969E-12 6.269367044E-12 6.271708482E-12 6.281270711E-12 6.241651913E-12 6.230799734E-12 6.263440768E-12 6.29947628E-12 
0 0 0 0 0 0 0 0 0 0 0 7.358716571E-12 6.302487929E-12 6.30825783E-12 6.336825803E-12 6.291508849E-12 6.285096287E-12 6.42194437E-12 7.101188305E-12 6.408687813E-12 6.302261847E-12 6.305280686E-12 6.316368759E-12 6.30083956E-12 6.298214157E-12 6.283608855E-12 6.29778893E-12 6.307282772E-12 6.26585005E-12 6.259337127E-12 6.288116496E-12 6.32434386E-12 
0 0 0 0 0 0 0 0 0 0 0 0 7.247072012E-12 6.323875732E-12 6.358243809E-12 6.311006665E-12 6.258060205E-12 6.306845706E-12 6.341050737E-12 7.146064836E-12 6.368975261E-12 6.321131902E-12 6.336591491E-12 6.317388704E-12 6.280988918E-12 6.267555969E-12 6.276801135E-12 6.297529689E-12 6.286864647E-12 6.276652661E-12 6.308380207E-12 6.345167319E-12 
0 0 0 0 0 0 0 0 0 0 0 0 0 7.458785787E-12 7.060271778E-12 6.890626317E-12 6.237063829E-12 6.275840756E-12 6.228986568E-12 6.347322637E-12 7.277688041E-12 6.930777654E-12 7.017081508E-12 6.897521163E-12 6.26079178E-12 6.247134562E-12 6.25920979E-12 6.296540838E-12 6.943821524E-12 6.956269929E-12 6.984094912E-12 7.015682827E-12 
0 0 0 0 0 0 0 0 0 0 0 0 0 0 7.766696379E-12 7.11166877E-12 6.237091571E-12 6.276272235E-12 6.227052948E-12 6.314145025E-12 6.932649864E-12 7.606270886E-12 7.290832879E-12 7.118550415E-12 6.262356394E-12 6.248325653E-12 6.259832524E-12 6.305035107E-12 7.187043275E-12 7.213464637E-12 7.239000711E-12 7.264989962E-12 
0 0 0 0 0 0 0 0 0 0 0 0 0 0 0 7.714732932E-12 6.256433266E-12 6.297293796E-12 6.246907633E-12 6.337223708E-12 6.997254519E-12 7.257806625E-12 7.760911347E-12 7.229046621E-12 6.282092803E-12 6.268650578E-12 6.280078906E-12 6.327351536E-12 7.29377784E-12 7.32056202E-12 7.352815041E-12 7.3764305E-12 
0 0 0 0 0 0 0 0 0 0 0 0 0 0 0 0 6.261876062E-12 6.302124855E-12 6.252150291E-12 6.335172694E-12 6.886815724E-12 7.090482828E-12 7.224726248E-12 7.611989699E-12 6.283993456E-12 6.269486346E-12 6.281360881E-12 6.322313224E-12 7.124589318E-12 7.145063747E-12 7.174284416E-12 7.211503745E-12 
0 0 0 0 0 0 0 0 0 0 0 0 0 0 0 0 0 7.512221786E-12 6.261323237E-12 6.292679818E-12 6.276789086E-12 6.276654615E-12 6.287745347E-12 6.274689206E-12 7.272351331E-12 6.382355012E-12 6.285249711E-12 6.287081262E-12 6.239818206E-12 6.229601421E-12 6.259628456E-12 6.29688153E-12 
0 0 0 0 0 0 0 0 0 0 0 0 0 0 0 0 0 0 7.513766089E-12 6.352106341E-12 6.315713341E-12 6.318406776E-12 6.325660506E-12 6.315045673E-12 6.424080898E-12 7.135706557E-12 6.407314731E-12 6.333081523E-12 6.280410609E-12 6.268135781E-12 6.299621029E-12 6.336197157E-12 
0 0 0 0 0 0 0 0 0 0 0 0 0 0 0 0 0 0 0 7.395247509E-12 6.283094019E-12 6.278349595E-12 6.290041945E-12 6.276174543E-12 6.28694372E-12 6.372447121E-12 7.162028455E-12 6.390412969E-12 6.246855115E-12 6.232896312E-12 6.26477232E-12 6.29904944E-12 
0 0 0 0 0 0 0 0 0 0 0 0 0 0 0 0 0 0 0 0 7.317214129E-12 6.260678097E-12 6.27579745E-12 6.255954972E-12 6.225598791E-12 6.219012693E-12 6.317606061E-12 7.137776792E-12 6.272794122E-12 6.216249155E-12 6.248673565E-12 6.283181491E-12 
0 0 0 0 0 0 0 0 0 0 0 0 0 0 0 0 0 0 0 0 0 7.317118332E-12 6.982558034E-12 6.870678021E-12 6.270811245E-12 6.258316252E-12 6.270002764E-12 6.35952958E-12 7.36615009E-12 6.934006747E-12 6.949395229E-12 6.980939768E-12 
0 0 0 0 0 0 0 0 0 0 0 0 0 0 0 0 0 0 0 0 0 0 7.710541423E-12 7.059385508E-12 6.262344666E-12 6.247790603E-12 6.259212358E-12 6.301690914E-12 7.134054322E-12 7.540823464E-12 7.188057871E-12 7.199749193E-12 
0 0 0 0 0 0 0 0 0 0 0 0 0 0 0 0 0 0 0 0 0 0 0 7.648670058E-12 6.296938008E-12 6.28395783E-12 6.295536423E-12 6.341061958E-12 7.27799624E-12 7.317633793E-12 7.703580969E-12 7.372659544E-12 
0 0 0 0 0 0 0 0 0 0 0 0 0 0 0 0 0 0 0 0 0 0 0 0 6.263981758E-12 6.249930513E-12 6.262183258E-12 6.298732358E-12 7.099104468E-12 7.118170931E-12 7.165168697E-12 7.823079788E-12 
0 0 0 0 0 0 0 0 0 0 0 0 0 0 0 0 0 0 0 0 0 0 0 0 0 7.500090969E-12 6.292077033E-12 6.270853942E-12 6.219072668E-12 6.208071182E-12 6.237455133E-12 6.27309374E-12 
0 0 0 0 0 0 0 0 0 0 0 0 0 0 0 0 0 0 0 0 0 0 0 0 0 0 7.491918557E-12 6.30458474E-12 6.227772938E-12 6.214055329E-12 6.244438938E-12 6.281609596E-12 
0 0 0 0 0 0 0 0 0 0 0 0 0 0 0 0 0 0 0 0 0 0 0 0 0 0 0 7.609789868E-12 6.216562608E-12 6.191963086E-12 6.223212569E-12 6.257240594E-12 
0 0 0 0 0 0 0 0 0 0 0 0 0 0 0 0 0 0 0 0 0 0 0 0 0 0 0 0 7.256450552E-12 6.26069144E-12 6.287263458E-12 6.320725866E-12 
0 0 0 0 0 0 0 0 0 0 0 0 0 0 0 0 0 0 0 0 0 0 0 0 0 0 0 0 0 7.745269596E-12 7.240987055E-12 7.266751661E-12 
0 0 0 0 0 0 0 0 0 0 0 0 0 0 0 0 0 0 0 0 0 0 0 0 0 0 0 0 0 0 7.785522384E-12 7.300499112E-12 
0 0 0 0 0 0 0 0 0 0 0 0 0 0 0 0 0 0 0 0 0 0 0 0 0 0 0 0 0 0 0 7.941577159E-12 
0 0 0 0 0 0 0 0 0 0 0 0 0 0 0 0 0 0 0 0 0 0 0 0 0 0 0 0 0 0 0 0 
