32 32
0 7.585278168E-12 6.287910264E-12 6.277867604E-12 6.266774349E-12 6.291452491E-12 6.262092622E-12 6.265209661E-12 7.250432325E-12 6.407076698E-12 6.279102239E-12 6.282779947E-12 6.277982614E-12 6.282061579E-12 6.304617568E-12 6.265494468E-12 6.279210964E-12 6.29336915E-12 6.235431179E-12 6.292725726E-12 6.281450667E-12 6.280856217E-12 6.284011458E-12 6.271208151E-12 6.279706184E-12 6.257173066E-12 6.270463999E-12 6.2856543E-12 6.246822369E-12 6.23461009E-12 6.255810993E-12 6.294409432E-12 
0 0 7.428867285E-12 6.341461543E-12 6.324386996E-12 6.342725006E-12 6.29125655E-12 6.293322872E-12 6.395841761E-12 7.135085771E-12 6.380230245E-12 6.337959635E-12 6.330443352E-12 6.328253964E-12 6.334201401E-12 6.291326431E-12 6.28392857E-12 6.324310043E-12 6.281372302E-12 6.342912208E-12 6.333254078E-12 6.328448895E-12 6.314712546E-12 6.30091209E-12 6.299918087E-12 6.284429283E-12 6.323709937E-12 6.343209571E-12 6.300850585E-12 6.288263069E-12 6.288634735E-12 6.320136486E-12 
0 0 0 7.803500682E-12 7.266492587E-12 7.164809237E-12 6.273408622E-12 6.251298839E-12 6.25267329E-12 6.34696223E-12 7.42113529E-12 7.124768684E-12 7.081911091E-12 6.887944835E-12 6.316347678E-12 6.252673368E-12 6.232301223E-12 6.300275521E-12 6.84193245E-12 7.067921843E-12 7.0881142E-12 6.863988696E-12 6.294950541E-12 6.26125212E-12 6.257549507E-12 6.269285562E-12 7.156719949E-12 7.240346356E-12 7.194847659E-12 7.093414352E-12 6.266053148E-12 6.281153738E-12 
0 0 0 0 8.194341243E-12 7.51018941E-12 6.324532936E-12 6.296394479E-12 6.291654708E-12 6.349578898E-12 7.157788203E-12 7.886074757E-12 7.41657528E-12 7.141372357E-12 6.36867427E-12 6.293312194E-12 6.273542762E-12 6.352986521E-12 7.091542863E-12 7.379061757E-12 7.410124574E-12 7.107562071E-12 6.345592746E-12 6.30300679E-12 6.299389544E-12 6.319891773E-12 7.505578855E-12 7.61203299E-12 7.56485091E-12 7.432537243E-12 6.317361803E-12 6.321808179E-12 
0 0 0 0 0 7.949090351E-12 6.312934194E-12 6.28197595E-12 6.274068534E-12 6.328461267E-12 7.08381533E-12 7.381960309E-12 7.743163406E-12 7.088182528E-12 6.351180777E-12 6.277114152E-12 6.259517917E-12 6.332317626E-12 7.031748049E-12 7.300774768E-12 7.334529979E-12 7.046360292E-12 6.326495271E-12 6.287708682E-12 6.28136473E-12 6.300393776E-12 7.423183429E-12 7.522856919E-12 7.477733556E-12 7.350425048E-12 6.296585239E-12 6.305793788E-12 
0 0 0 0 0 0 7.292864457E-12 6.265980052E-12 6.235340871E-12 6.286593669E-12 6.94951564E-12 7.196663053E-12 7.179204698E-12 7.411183204E-12 6.363520413E-12 6.245962653E-12 6.22368516E-12 6.291120284E-12 6.899233071E-12 7.145797856E-12 7.170102172E-12 6.923087484E-12 6.290348154E-12 6.252842353E-12 6.246388767E-12 6.259959955E-12 7.248665479E-12 7.33673582E-12 7.294642691E-12 7.18185947E-12 6.259911472E-12 6.272574314E-12 
0 0 0 0 0 0 0 7.657252754E-12 6.271087598E-12 6.293973018E-12 6.307798973E-12 6.320082006E-12 6.308616288E-12 6.367066931E-12 7.292799376E-12 6.391259478E-12 6.255558475E-12 6.293922431E-12 6.261211772E-12 6.327341009E-12 6.318930963E-12 6.310035622E-12 6.306050311E-12 6.293623964E-12 6.279441133E-12 6.263908282E-12 6.306896288E-12 6.323907494E-12 6.283307849E-12 6.270120426E-12 6.268657668E-12 6.303863821E-12 
0 0 0 0 0 0 0 0 6.272362151E-12 6.292716529E-12 6.28936665E-12 6.301062082E-12 6.295547032E-12 6.300363762E-12 6.444677636E-12 7.249945459E-12 6.258756071E-12 6.297316496E-12 6.247568923E-12 6.305496562E-12 6.294997855E-12 6.2940224E-12 6.309837149E-12 6.320907361E-12 6.279579234E-12 6.26960985E-12 6.283367045E-12 6.301133371E-12 6.260485108E-12 6.248640327E-12 6.273526623E-12 6.316138496E-12 
0 0 0 0 0 0 0 0 0 7.514707838E-12 6.286751671E-12 6.290772747E-12 6.279506312E-12 6.283596599E-12 6.308586159E-12 6.26564226E-12 7.261475924E-12 6.40787424E-12 6.241746467E-12 6.295702607E-12 6.286169551E-12 6.284034404E-12 6.28861082E-12 6.275466959E-12 6.303735465E-12 6.268206613E-12 6.274297E-12 6.287757183E-12 6.248457358E-12 6.237555434E-12 6.260724864E-12 6.293741854E-12 
0 0 0 0 0 0 0 0 0 0 7.382890199E-12 6.317159809E-12 6.308534941E-12 6.306379956E-12 6.310262119E-12 6.266052162E-12 6.351779369E-12 7.175850296E-12 6.305992132E-12 6.319294391E-12 6.306862487E-12 6.303174437E-12 6.285758478E-12 6.274719382E-12 6.277786803E-12 6.264083637E-12 6.302784446E-12 6.320164435E-12 6.275054704E-12 6.262166265E-12 6.254388519E-12 6.289935708E-12 
0 0 0 0 0 0 0 0 0 0 0 7.35299884E-12 6.952177638E-12 6.799077699E-12 6.352779593E-12 6.2906005E-12 6.277933809E-12 6.395245035E-12 7.222203505E-12 6.955929011E-12 6.957198832E-12 6.779442992E-12 6.333762554E-12 6.30421599E-12 6.298716518E-12 6.305353046E-12 7.012084239E-12 7.080312213E-12 7.035566862E-12 6.953612418E-12 6.303847158E-12 6.32224856E-12 
0 0 0 0 0 0 0 0 0 0 0 0 7.648424564E-12 6.953804276E-12 6.347488407E-12 6.280284628E-12 6.261731574E-12 6.330375381E-12 6.919198131E-12 7.568051934E-12 7.181324596E-12 6.925211125E-12 6.323301569E-12 6.28551046E-12 6.282069585E-12 6.295268801E-12 7.236900661E-12 7.328102294E-12 7.280703418E-12 7.173059564E-12 6.296123215E-12 6.308877637E-12 
0 0 0 0 0 0 0 0 0 0 0 0 0 7.404916517E-12 6.329427798E-12 6.260204524E-12 6.244706443E-12 6.311590791E-12 6.865349897E-12 7.112989606E-12 7.578245022E-12 6.904832778E-12 6.304868999E-12 6.269927963E-12 6.265021343E-12 6.279018497E-12 7.192740974E-12 7.279745003E-12 7.240343794E-12 7.129370143E-12 6.278658021E-12 6.293027366E-12 
0 0 0 0 0 0 0 0 0 0 0 0 0 0 7.28080312E-12 6.26897519E-12 6.247313504E-12 6.301256985E-12 6.712946139E-12 6.900944882E-12 6.930660331E-12 7.30151091E-12 6.356436261E-12 6.271328407E-12 6.263582229E-12 6.271446593E-12 6.968317795E-12 7.035045903E-12 6.990098004E-12 6.914611381E-12 6.265955257E-12 6.284974747E-12 
0 0 0 0 0 0 0 0 0 0 0 0 0 0 0 7.572090946E-12 6.250646363E-12 6.293821871E-12 6.263974056E-12 6.326855745E-12 6.31616552E-12 6.36845504E-12 7.136177531E-12 6.392680399E-12 6.279596544E-12 6.266327578E-12 6.308229421E-12 6.323939466E-12 6.280667853E-12 6.273967117E-12 6.278377417E-12 6.314396678E-12 
0 0 0 0 0 0 0 0 0 0 0 0 0 0 0 0 6.260715082E-12 6.297756219E-12 6.251596189E-12 6.310545675E-12 6.299093252E-12 6.30085045E-12 6.420746485E-12 7.276220389E-12 6.283064608E-12 6.267825783E-12 6.284141836E-12 6.297279473E-12 6.260294136E-12 6.249079547E-12 6.282635141E-12 6.341722477E-12 
0 0 0 0 0 0 0 0 0 0 0 0 0 0 0 0 0 7.505655149E-12 6.246349594E-12 6.296918112E-12 6.281876687E-12 6.277449014E-12 6.289328238E-12 6.268320637E-12 7.270404545E-12 6.378285465E-12 6.272268293E-12 6.287240822E-12 6.244107239E-12 6.227325302E-12 6.257827534E-12 6.292425492E-12 
0 0 0 0 0 0 0 0 0 0 0 0 0 0 0 0 0 0 7.317465741E-12 6.360071277E-12 6.348031107E-12 6.338759177E-12 6.320313926E-12 6.315424999E-12 6.418562867E-12 7.109198435E-12 6.38057271E-12 6.356469068E-12 6.31523112E-12 6.300261561E-12 6.297939668E-12 6.326556746E-12 
0 0 0 0 0 0 0 0 0 0 0 0 0 0 0 0 0 0 0 7.343030023E-12 6.922892051E-12 6.744164317E-12 6.311753284E-12 6.277561195E-12 6.276650026E-12 6.339911398E-12 7.45223606E-12 7.055965437E-12 6.993661924E-12 6.915188439E-12 6.277433729E-12 6.297151982E-12 
0 0 0 0 0 0 0 0 0 0 0 0 0 0 0 0 0 0 0 0 7.651627599E-12 6.82564383E-12 6.265290089E-12 6.226251149E-12 6.224067795E-12 6.234482974E-12 7.136681848E-12 7.645120389E-12 7.171681658E-12 7.054877631E-12 6.237774988E-12 6.250143356E-12 
0 0 0 0 0 0 0 0 0 0 0 0 0 0 0 0 0 0 0 0 0 7.32224158E-12 6.318153778E-12 6.280915553E-12 6.280217109E-12 6.294644105E-12 7.213558197E-12 7.314254382E-12 7.639836443E-12 7.160805249E-12 6.286826021E-12 6.303127348E-12 
0 0 0 0 0 0 0 0 0 0 0 0 0 0 0 0 0 0 0 0 0 0 7.319905284E-12 6.275915233E-12 6.261211767E-12 6.272603863E-12 6.943842058E-12 7.010175361E-12 6.978396067E-12 7.383469073E-12 6.328116072E-12 6.293748872E-12 
0 0 0 0 0 0 0 0 0 0 0 0 0 0 0 0 0 0 0 0 0 0 0 7.522492493E-12 6.290112344E-12 6.276756722E-12 6.323961352E-12 6.341556731E-12 6.29931403E-12 6.342372416E-12 7.131566854E-12 6.426999465E-12 
0 0 0 0 0 0 0 0 0 0 0 0 0 0 0 0 0 0 0 0 0 0 0 0 6.256563551E-12 6.240655139E-12 6.261778187E-12 6.278273312E-12 6.237121413E-12 6.225540455E-12 6.37139366E-12 7.397109086E-12 
0 0 0 0 0 0 0 0 0 0 0 0 0 0 0 0 0 0 0 0 0 0 0 0 0 7.488530588E-12 6.261327157E-12 6.261780915E-12 6.223456248E-12 6.208198687E-12 6.237265008E-12 6.275735228E-12 
0 0 0 0 0 0 0 0 0 0 0 0 0 0 0 0 0 0 0 0 0 0 0 0 0 0 7.287947799E-12 6.310188108E-12 6.268830252E-12 6.246700761E-12 6.246739653E-12 6.271968181E-12 
0 0 0 0 0 0 0 0 0 0 0 0 0 0 0 0 0 0 0 0 0 0 0 0 0 0 0 7.933409571E-12 7.304812932E-12 7.189778579E-12 6.251170684E-12 6.257860979E-12 
0 0 0 0 0 0 0 0 0 0 0 0 0 0 0 0 0 0 0 0 0 0 0 0 0 0 0 0 7.935585737E-12 7.2970151E-12 6.287478159E-12 6.290959523E-12 
0 0 0 0 0 0 0 0 0 0 0 0 0 0 0 0 0 0 0 0 0 0 0 0 0 0 0 0 0 7.820564036E-12 6.266460204E-12 6.27149434E-12 
0 0 0 0 0 0 0 0 0 0 0 0 0 0 0 0 0 0 0 0 0 0 0 0 0 0 0 0 0 0 7.253802659E-12 6.282532713E-12 
0 0 0 0 0 0 0 0 0 0 0 0 0 0 0 0 0 0 0 0 0 0 0 0 0 0 0 0 0 0 0 7.674753549E-12 
0 0 0 0 0 0 0 0 0 0 0 0 0 0 0 0 0 0 0 0 0 0 0 0 0 0 0 0 0 0 0 0 
