32 32
0 7.587689119E-12 6.292940078E-12 6.263892154E-12 6.248314923E-12 6.262955295E-12 6.240780784E-12 6.245728371E-12 7.241855118E-12 6.393148416E-12 6.271531079E-12 6.263880026E-12 6.252496661E-12 6.25846564E-12 6.286593125E-12 6.244181145E-12 6.259165257E-12 6.278236435E-12 6.21605981E-12 6.269526953E-12 6.256175257E-12 6.258061174E-12 6.264798692E-12 6.251905953E-12 6.259159469E-12 6.238595481E-12 6.246480851E-12 6.259159552E-12 6.217711838E-12 6.205965248E-12 6.238928359E-12 6.275127159E-12 
0 0 7.602607913E-12 6.319943939E-12 6.281293026E-12 6.294687696E-12 6.271347118E-12 6.275810123E-12 6.383553265E-12 7.144670803E-12 6.398871881E-12 6.303539173E-12 6.284806591E-12 6.286656834E-12 6.316485509E-12 6.272611419E-12 6.266437422E-12 6.307806967E-12 6.246866708E-12 6.2999664E-12 6.286017108E-12 6.285100316E-12 6.294565634E-12 6.282499893E-12 6.281893088E-12 6.265798055E-12 6.273610874E-12 6.28734024E-12 6.245639703E-12 6.235908552E-12 6.266586037E-12 6.303040515E-12 
0 0 0 7.457835849E-12 6.263591209E-12 6.254677509E-12 6.229165417E-12 6.229886998E-12 6.243563981E-12 6.352571873E-12 7.188116357E-12 6.348678859E-12 6.246945657E-12 6.241581476E-12 6.267756798E-12 6.225966696E-12 6.214488631E-12 6.255710193E-12 6.204566919E-12 6.255999874E-12 6.2402625E-12 6.241983334E-12 6.247845509E-12 6.236308632E-12 6.235158307E-12 6.218818322E-12 6.22378244E-12 6.238972824E-12 6.196430251E-12 6.185297807E-12 6.216223329E-12 6.255200514E-12 
0 0 0 0 7.550588234E-12 6.32088526E-12 6.28371777E-12 6.27268701E-12 6.266866736E-12 6.29823981E-12 6.384517584E-12 7.240548465E-12 6.371807477E-12 6.291939824E-12 6.310684134E-12 6.266989238E-12 6.248200666E-12 6.289914966E-12 6.235644901E-12 6.298237502E-12 6.28162458E-12 6.279596223E-12 6.286710494E-12 6.27292065E-12 6.268497155E-12 6.254710638E-12 6.262336491E-12 6.276431521E-12 6.235828402E-12 6.226070476E-12 6.25774343E-12 6.295681643E-12 
0 0 0 0 0 7.470659017E-12 6.714841966E-12 6.264684507E-12 6.246529357E-12 6.269293333E-12 6.269563856E-12 6.380148074E-12 7.158045982E-12 6.3503713E-12 6.302012656E-12 6.252854401E-12 6.229586754E-12 6.269634893E-12 6.215168711E-12 6.275527413E-12 6.269004172E-12 6.265022287E-12 6.271584982E-12 6.25886419E-12 6.252065136E-12 6.237982652E-12 6.243027694E-12 6.259528854E-12 6.219476235E-12 6.208960135E-12 6.240148882E-12 6.275839004E-12 
0 0 0 0 0 0 8.357825959E-11 6.718752823E-12 6.207517165E-12 6.230571354E-12 6.223866666E-12 6.239787781E-12 6.32805839E-12 7.070313132E-12 6.454008393E-12 6.268636777E-12 6.192719005E-12 6.232042205E-12 6.178920482E-12 6.237275947E-12 6.228953206E-12 6.235543284E-12 6.241498594E-12 6.230913295E-12 6.216785288E-12 6.201988505E-12 6.2077485E-12 6.225165427E-12 6.185778563E-12 6.176533993E-12 6.209211646E-12 6.245603969E-12 
0 0 0 0 0 0 0 7.481503148E-12 6.250358009E-12 6.271616121E-12 6.262971314E-12 6.277060839E-12 6.305670755E-12 6.447565476E-12 7.262178417E-12 6.359414062E-12 6.233062551E-12 6.273025483E-12 6.219012754E-12 6.27771393E-12 6.270507304E-12 6.275244878E-12 6.288619602E-12 6.272188564E-12 6.256007284E-12 6.240742436E-12 6.249976258E-12 6.264776898E-12 6.225075471E-12 6.21599536E-12 6.248250752E-12 6.285339417E-12 
0 0 0 0 0 0 0 0 6.254861109E-12 6.277238678E-12 6.26782624E-12 6.273284354E-12 6.270481153E-12 6.288431398E-12 6.421059451E-12 7.231604825E-12 6.239617119E-12 6.278369926E-12 6.222805604E-12 6.279826995E-12 6.271288777E-12 6.276095319E-12 6.290275721E-12 6.299168502E-12 6.262669664E-12 6.247923849E-12 6.255752055E-12 6.269677987E-12 6.230488096E-12 6.221122986E-12 6.254331382E-12 6.299377946E-12 
0 0 0 0 0 0 0 0 0 7.514700819E-12 6.287287439E-12 6.269382325E-12 6.256625988E-12 6.261056614E-12 6.29014503E-12 6.248104724E-12 7.248505736E-12 6.392039911E-12 6.228987766E-12 6.273999163E-12 6.258813089E-12 6.257385809E-12 6.266098854E-12 6.255429627E-12 6.283163352E-12 6.248596556E-12 6.253265621E-12 6.263526357E-12 6.220570098E-12 6.210386678E-12 6.240054639E-12 6.276475779E-12 
0 0 0 0 0 0 0 0 0 0 7.560671181E-12 6.289646377E-12 6.25884589E-12 6.261369481E-12 6.289497264E-12 6.248677505E-12 6.340659911E-12 7.185666917E-12 6.317295567E-12 6.283665611E-12 6.262527385E-12 6.261827676E-12 6.268203862E-12 6.257256985E-12 6.266080886E-12 6.252199976E-12 6.252153016E-12 6.26420729E-12 6.221180564E-12 6.211044617E-12 6.241057601E-12 6.276888368E-12 
0 0 0 0 0 0 0 0 0 0 0 7.359157911E-12 6.303901925E-12 6.287880748E-12 6.314314202E-12 6.270595757E-12 6.269797599E-12 6.4082483E-12 7.097200909E-12 6.399025329E-12 6.29507074E-12 6.286003288E-12 6.291784407E-12 6.276653433E-12 6.279229288E-12 6.267372435E-12 6.280708454E-12 6.290308558E-12 6.246052189E-12 6.232700903E-12 6.262795559E-12 6.299011434E-12 
0 0 0 0 0 0 0 0 0 0 0 0 7.439041098E-12 6.29453888E-12 6.303134374E-12 6.256879876E-12 6.241927818E-12 6.289894763E-12 6.326119816E-12 7.158763518E-12 6.383891514E-12 6.282666818E-12 6.28181391E-12 6.266183346E-12 6.26131609E-12 6.245551702E-12 6.257622136E-12 6.279473832E-12 6.234379584E-12 6.218611845E-12 6.247065425E-12 6.282643144E-12 
0 0 0 0 0 0 0 0 0 0 0 0 0 7.458851798E-12 6.304520626E-12 6.244736126E-12 6.218941381E-12 6.26088004E-12 6.215001203E-12 6.357997521E-12 7.170279747E-12 6.358027006E-12 6.27482167E-12 6.251751533E-12 6.246242236E-12 6.230913983E-12 6.241873471E-12 6.25878098E-12 6.223895013E-12 6.207876219E-12 6.23581963E-12 6.270091679E-12 
0 0 0 0 0 0 0 0 0 0 0 0 0 0 7.42406466E-12 6.268465526E-12 6.220083812E-12 6.258494341E-12 6.206664621E-12 6.273027031E-12 6.353541117E-12 7.189236428E-12 6.369305803E-12 6.263066677E-12 6.244087518E-12 6.22861675E-12 6.235541799E-12 6.253823952E-12 6.216185463E-12 6.21282859E-12 6.238486971E-12 6.275108814E-12 
0 0 0 0 0 0 0 0 0 0 0 0 0 0 0 7.573074155E-12 6.236970624E-12 6.279104211E-12 6.223171246E-12 6.28138432E-12 6.282506663E-12 6.378579393E-12 7.144185967E-12 6.379921668E-12 6.264157818E-12 6.247629196E-12 6.254765363E-12 6.270067253E-12 6.233284747E-12 6.226598861E-12 6.263656218E-12 6.299628085E-12 
0 0 0 0 0 0 0 0 0 0 0 0 0 0 0 0 6.242372045E-12 6.282591861E-12 6.226503272E-12 6.283802004E-12 6.2768032E-12 6.290422963E-12 6.404420482E-12 7.272900147E-12 6.264730419E-12 6.249102078E-12 6.258611142E-12 6.274412352E-12 6.235566732E-12 6.228256008E-12 6.265125206E-12 6.325388014E-12 
0 0 0 0 0 0 0 0 0 0 0 0 0 0 0 0 0 7.510152839E-12 6.247303209E-12 6.277747087E-12 6.262202136E-12 6.261411234E-12 6.268694088E-12 6.257876906E-12 7.266901911E-12 6.364528392E-12 6.266888686E-12 6.267574319E-12 6.223859548E-12 6.210410826E-12 6.240509251E-12 6.277624741E-12 
0 0 0 0 0 0 0 0 0 0 0 0 0 0 0 0 0 0 7.504479157E-12 6.331568124E-12 6.299982879E-12 6.298230794E-12 6.30559497E-12 6.294756024E-12 6.405174101E-12 7.123296362E-12 6.387913836E-12 6.316023256E-12 6.262891416E-12 6.248845249E-12 6.276931912E-12 6.314940931E-12 
0 0 0 0 0 0 0 0 0 0 0 0 0 0 0 0 0 0 0 7.395370142E-12 6.286145563E-12 6.265261098E-12 6.270657565E-12 6.257230005E-12 6.272685362E-12 6.355722904E-12 7.153008566E-12 6.37656797E-12 6.234426407E-12 6.213940998E-12 6.241003251E-12 6.276067672E-12 
0 0 0 0 0 0 0 0 0 0 0 0 0 0 0 0 0 0 0 0 7.504935674E-12 6.235105356E-12 6.222628884E-12 6.207202703E-12 6.208439231E-12 6.203046529E-12 6.303529318E-12 7.147197026E-12 6.273521267E-12 6.173618501E-12 6.194372647E-12 6.225467948E-12 
0 0 0 0 0 0 0 0 0 0 0 0 0 0 0 0 0 0 0 0 0 7.382186531E-12 6.297218598E-12 6.267820604E-12 6.258432217E-12 6.246860947E-12 6.26697253E-12 6.381778634E-12 7.103164606E-12 6.328111701E-12 6.261718151E-12 6.288157568E-12 
0 0 0 0 0 0 0 0 0 0 0 0 0 0 0 0 0 0 0 0 0 0 7.463992616E-12 6.278931058E-12 6.245842572E-12 6.232101111E-12 6.242931686E-12 6.269015088E-12 6.324641072E-12 7.089636358E-12 6.34567425E-12 6.287730925E-12 
0 0 0 0 0 0 0 0 0 0 0 0 0 0 0 0 0 0 0 0 0 0 0 7.519096128E-12 6.27850485E-12 6.264582447E-12 6.272137528E-12 6.287735579E-12 6.258552669E-12 6.339649841E-12 7.138251298E-12 6.417845093E-12 
0 0 0 0 0 0 0 0 0 0 0 0 0 0 0 0 0 0 0 0 0 0 0 0 6.240222011E-12 6.224952607E-12 6.233385374E-12 6.251136116E-12 6.213224249E-12 6.211969552E-12 6.354515658E-12 7.389390288E-12 
0 0 0 0 0 0 0 0 0 0 0 0 0 0 0 0 0 0 0 0 0 0 0 0 0 7.490886192E-12 6.271719941E-12 6.252392852E-12 6.203337136E-12 6.191202696E-12 6.221694284E-12 6.257821323E-12 
0 0 0 0 0 0 0 0 0 0 0 0 0 0 0 0 0 0 0 0 0 0 0 0 0 0 7.489123956E-12 6.289335452E-12 6.215992816E-12 6.197551893E-12 6.225506737E-12 6.261522735E-12 
0 0 0 0 0 0 0 0 0 0 0 0 0 0 0 0 0 0 0 0 0 0 0 0 0 0 0 7.60992879E-12 6.218895403E-12 6.178086268E-12 6.201659981E-12 6.233380156E-12 
0 0 0 0 0 0 0 0 0 0 0 0 0 0 0 0 0 0 0 0 0 0 0 0 0 0 0 0 7.447500382E-12 6.238403908E-12 6.239146039E-12 6.269827786E-12 
0 0 0 0 0 0 0 0 0 0 0 0 0 0 0 0 0 0 0 0 0 0 0 0 0 0 0 0 0 7.503434856E-12 6.246324995E-12 6.253531329E-12 
0 0 0 0 0 0 0 0 0 0 0 0 0 0 0 0 0 0 0 0 0 0 0 0 0 0 0 0 0 0 7.412529763E-12 6.279840975E-12 
0 0 0 0 0 0 0 0 0 0 0 0 0 0 0 0 0 0 0 0 0 0 0 0 0 0 0 0 0 0 0 7.676542715E-12 
0 0 0 0 0 0 0 0 0 0 0 0 0 0 0 0 0 0 0 0 0 0 0 0 0 0 0 0 0 0 0 0 
