32 32
0 7.590889136E-12 6.295341167E-12 6.263432874E-12 6.249969259E-12 6.268735622E-12 6.247589277E-12 6.248269899E-12 7.243796939E-12 6.396791027E-12 6.2737623E-12 6.267065307E-12 6.257561046E-12 6.26154698E-12 6.291176974E-12 6.2483224E-12 6.260200851E-12 6.27930275E-12 6.21999757E-12 6.273571466E-12 6.260918143E-12 6.259209396E-12 6.267705E-12 6.256942594E-12 6.267927034E-12 6.240279373E-12 6.247523711E-12 6.260777282E-12 6.218907017E-12 6.207997666E-12 6.238955751E-12 6.275508817E-12 
0 0 7.603513418E-12 6.320500254E-12 6.282204821E-12 6.297277067E-12 6.274383656E-12 6.276735807E-12 6.383548482E-12 7.144596312E-12 6.402199697E-12 6.306644483E-12 6.287461276E-12 6.291118845E-12 6.319433949E-12 6.277604489E-12 6.267759524E-12 6.311255213E-12 6.250346413E-12 6.302055431E-12 6.2883129E-12 6.28865562E-12 6.2979004E-12 6.283471448E-12 6.287248876E-12 6.268742281E-12 6.275125467E-12 6.287926366E-12 6.247684598E-12 6.239835728E-12 6.270679769E-12 6.305962274E-12 
0 0 0 7.460526702E-12 6.266974709E-12 6.257099585E-12 6.233249465E-12 6.232675084E-12 6.24624297E-12 6.353364095E-12 7.191212735E-12 6.352005995E-12 6.249570518E-12 6.245799371E-12 6.2736873E-12 6.231449388E-12 6.213343151E-12 6.257178163E-12 6.206927656E-12 6.25849116E-12 6.244930708E-12 6.244555032E-12 6.251010758E-12 6.239388058E-12 6.236945409E-12 6.220447208E-12 6.229100766E-12 6.243699496E-12 6.201016995E-12 6.192077794E-12 6.22284318E-12 6.257798048E-12 
0 0 0 0 7.560004662E-12 6.333512177E-12 6.278800724E-12 6.275980804E-12 6.272781252E-12 6.302612551E-12 6.387556796E-12 7.241610076E-12 6.376246496E-12 6.296839872E-12 6.312726158E-12 6.269028926E-12 6.245935207E-12 6.289073847E-12 6.23797197E-12 6.30004592E-12 6.285264493E-12 6.28320719E-12 6.29023206E-12 6.277485806E-12 6.274051759E-12 6.259893352E-12 6.267587163E-12 6.281213872E-12 6.241757296E-12 6.229752875E-12 6.260898136E-12 6.29793258E-12 
0 0 0 0 0 7.539337963E-12 6.295943865E-12 6.268487057E-12 6.250764747E-12 6.275611326E-12 6.272493103E-12 6.386803194E-12 7.172052266E-12 6.366742119E-12 6.309597718E-12 6.25878486E-12 6.231970998E-12 6.273572697E-12 6.220067159E-12 6.279468784E-12 6.274389266E-12 6.269761979E-12 6.276918153E-12 6.262543283E-12 6.25443896E-12 6.241483495E-12 6.249482273E-12 6.265892584E-12 6.225414727E-12 6.213760532E-12 6.246326319E-12 6.281704561E-12 
0 0 0 0 0 0 7.473043546E-12 6.273629423E-12 6.213366154E-12 6.235064524E-12 6.22745935E-12 6.246871997E-12 6.339910307E-12 7.09023914E-12 6.368744178E-12 6.236924284E-12 6.197131215E-12 6.236221946E-12 6.18202223E-12 6.238790495E-12 6.230344472E-12 6.238423664E-12 6.244774077E-12 6.231570194E-12 6.218186169E-12 6.205289499E-12 6.2142126E-12 6.231208179E-12 6.19119315E-12 6.18201074E-12 6.212276281E-12 6.24826683E-12 
0 0 0 0 0 0 0 7.664341507E-12 6.254530686E-12 6.277299962E-12 6.264638806E-12 6.275601791E-12 6.281008255E-12 6.383353363E-12 7.306277297E-12 6.379791517E-12 6.236416478E-12 6.277884776E-12 6.223861363E-12 6.281779072E-12 6.272826962E-12 6.277540567E-12 6.293977951E-12 6.279995379E-12 6.260546164E-12 6.248963874E-12 6.256299525E-12 6.270653335E-12 6.232225537E-12 6.222133538E-12 6.253499748E-12 6.291950036E-12 
0 0 0 0 0 0 0 0 6.258318219E-12 6.277016934E-12 6.267290862E-12 6.276759191E-12 6.275310627E-12 6.292524229E-12 6.434401119E-12 7.244453517E-12 6.238559222E-12 6.279219613E-12 6.225691507E-12 6.286440128E-12 6.275325195E-12 6.278568723E-12 6.295450502E-12 6.303071961E-12 6.264945338E-12 6.254347026E-12 6.259404889E-12 6.277386269E-12 6.236251227E-12 6.225426093E-12 6.258857865E-12 6.301863896E-12 
0 0 0 0 0 0 0 0 0 7.521214541E-12 6.293170009E-12 6.27306683E-12 6.260666784E-12 6.264877882E-12 6.291517865E-12 6.249542801E-12 7.240305209E-12 6.394844267E-12 6.23650939E-12 6.280535155E-12 6.265129448E-12 6.263700634E-12 6.273386874E-12 6.263294845E-12 6.316485406E-12 6.253728983E-12 6.257077232E-12 6.269030765E-12 6.224846498E-12 6.215199424E-12 6.246521048E-12 6.280620037E-12 
0 0 0 0 0 0 0 0 0 0 7.564734878E-12 6.293199714E-12 6.263607683E-12 6.265595692E-12 6.293515724E-12 6.251947783E-12 6.338979106E-12 7.189993761E-12 6.322889324E-12 6.28758163E-12 6.2658508E-12 6.264651789E-12 6.272302624E-12 6.259663873E-12 6.278245057E-12 6.25328105E-12 6.258998031E-12 6.271297131E-12 6.226591576E-12 6.216325814E-12 6.245660639E-12 6.282138964E-12 
0 0 0 0 0 0 0 0 0 0 0 7.3659903E-12 6.309137109E-12 6.293091909E-12 6.318018288E-12 6.277123514E-12 6.271161634E-12 6.412570242E-12 7.098734569E-12 6.405020581E-12 6.299169693E-12 6.292613479E-12 6.298927774E-12 6.284237012E-12 6.289288677E-12 6.271387713E-12 6.285077277E-12 6.295821974E-12 6.249542004E-12 6.237852936E-12 6.268738296E-12 6.303748786E-12 
0 0 0 0 0 0 0 0 0 0 0 0 7.443750622E-12 6.301414161E-12 6.306563479E-12 6.261251773E-12 6.240866384E-12 6.290610675E-12 6.329441146E-12 7.161192518E-12 6.386111891E-12 6.286684733E-12 6.284129371E-12 6.26853002E-12 6.267911307E-12 6.254832626E-12 6.264340483E-12 6.28480899E-12 6.237431278E-12 6.223409347E-12 6.254667289E-12 6.29056025E-12 
0 0 0 0 0 0 0 0 0 0 0 0 0 7.469612542E-12 6.312011184E-12 6.250455383E-12 6.223661137E-12 6.265686046E-12 6.221224934E-12 6.364290937E-12 7.175847026E-12 6.361437096E-12 6.27755943E-12 6.256289056E-12 6.248305523E-12 6.233745683E-12 6.243614479E-12 6.261671228E-12 6.226171172E-12 6.211077277E-12 6.240048529E-12 6.273380754E-12 
0 0 0 0 0 0 0 0 0 0 0 0 0 0 7.436312355E-12 6.274841515E-12 6.221091667E-12 6.262400406E-12 6.210369117E-12 6.277801627E-12 6.357246052E-12 7.193440718E-12 6.373284042E-12 6.267935202E-12 6.244666448E-12 6.23369907E-12 6.243280029E-12 6.258316559E-12 6.221063431E-12 6.216356448E-12 6.24248771E-12 6.278149259E-12 
0 0 0 0 0 0 0 0 0 0 0 0 0 0 0 7.580687168E-12 6.240351097E-12 6.281693701E-12 6.225450744E-12 6.287052539E-12 6.286383983E-12 6.381398756E-12 7.147521995E-12 6.38475406E-12 6.266496392E-12 6.252135602E-12 6.260336435E-12 6.27690926E-12 6.237627523E-12 6.230963607E-12 6.269373543E-12 6.302316856E-12 
0 0 0 0 0 0 0 0 0 0 0 0 0 0 0 0 6.245863983E-12 6.286898944E-12 6.229639289E-12 6.288357785E-12 6.281563827E-12 6.295006728E-12 6.411920048E-12 7.278484536E-12 6.267446172E-12 6.253925778E-12 6.259648453E-12 6.277904888E-12 6.239780562E-12 6.235129713E-12 6.270971382E-12 6.331006797E-12 
0 0 0 0 0 0 0 0 0 0 0 0 0 0 0 0 0 7.356414281E-12 6.245709013E-12 6.279166918E-12 6.260009923E-12 6.258997573E-12 6.268300446E-12 6.257447132E-12 4.717103425E-11 6.806751385E-12 6.278182474E-12 6.272148081E-12 6.228223513E-12 6.214185124E-12 6.24509646E-12 6.280850458E-12 
0 0 0 0 0 0 0 0 0 0 0 0 0 0 0 0 0 0 7.511776288E-12 6.338835709E-12 6.306102814E-12 6.30206945E-12 6.310734633E-12 6.298834359E-12 6.894436749E-12 7.086230439E-12 6.39217503E-12 6.319967376E-12 6.267714133E-12 6.252393026E-12 6.284100941E-12 6.319076075E-12 
0 0 0 0 0 0 0 0 0 0 0 0 0 0 0 0 0 0 0 7.399360372E-12 6.288021132E-12 6.26862822E-12 6.272926873E-12 6.259586282E-12 6.286218017E-12 6.353153816E-12 7.157028476E-12 6.378493061E-12 6.238953948E-12 6.219128855E-12 6.246745218E-12 6.279657953E-12 
0 0 0 0 0 0 0 0 0 0 0 0 0 0 0 0 0 0 0 0 7.508065942E-12 6.239696993E-12 6.227451505E-12 6.211564494E-12 6.21509665E-12 6.20700921E-12 6.309251944E-12 7.153502088E-12 6.27421875E-12 6.175706556E-12 6.197016449E-12 6.230763609E-12 
0 0 0 0 0 0 0 0 0 0 0 0 0 0 0 0 0 0 0 0 0 7.388802032E-12 6.304602061E-12 6.273273945E-12 6.264293967E-12 6.251667337E-12 6.269905084E-12 6.386421646E-12 7.108775471E-12 6.332165139E-12 6.265840478E-12 6.290254482E-12 
0 0 0 0 0 0 0 0 0 0 0 0 0 0 0 0 0 0 0 0 0 0 7.468944878E-12 6.282131507E-12 6.248074684E-12 6.233723145E-12 6.243699471E-12 6.27067655E-12 6.325624705E-12 7.091966563E-12 6.349977956E-12 6.290384542E-12 
0 0 0 0 0 0 0 0 0 0 0 0 0 0 0 0 0 0 0 0 0 0 0 7.52374906E-12 6.277324617E-12 6.263996304E-12 6.274789126E-12 6.294398669E-12 6.263003319E-12 6.345689022E-12 7.143756677E-12 6.424665164E-12 
0 0 0 0 0 0 0 0 0 0 0 0 0 0 0 0 0 0 0 0 0 0 0 0 6.24709885E-12 6.232673291E-12 6.242071578E-12 6.258854115E-12 6.221471709E-12 6.224751306E-12 6.366751692E-12 7.398084556E-12 
0 0 0 0 0 0 0 0 0 0 0 0 0 0 0 0 0 0 0 0 0 0 0 0 0 7.887575167E-12 6.288893914E-12 6.261304185E-12 6.207566484E-12 6.195278029E-12 6.224848364E-12 6.258660762E-12 
0 0 0 0 0 0 0 0 0 0 0 0 0 0 0 0 0 0 0 0 0 0 0 0 0 0 7.484300098E-12 6.290407756E-12 6.218070381E-12 6.200601497E-12 6.229397449E-12 6.263662376E-12 
0 0 0 0 0 0 0 0 0 0 0 0 0 0 0 0 0 0 0 0 0 0 0 0 0 0 0 7.61312747E-12 6.22286643E-12 6.179651076E-12 6.204104478E-12 6.238906973E-12 
0 0 0 0 0 0 0 0 0 0 0 0 0 0 0 0 0 0 0 0 0 0 0 0 0 0 0 0 7.45353927E-12 6.245949341E-12 6.244767805E-12 6.276354895E-12 
0 0 0 0 0 0 0 0 0 0 0 0 0 0 0 0 0 0 0 0 0 0 0 0 0 0 0 0 0 7.510673181E-12 6.252810782E-12 6.261309949E-12 
0 0 0 0 0 0 0 0 0 0 0 0 0 0 0 0 0 0 0 0 0 0 0 0 0 0 0 0 0 0 7.41855581E-12 6.286773979E-12 
0 0 0 0 0 0 0 0 0 0 0 0 0 0 0 0 0 0 0 0 0 0 0 0 0 0 0 0 0 0 0 7.679662077E-12 
0 0 0 0 0 0 0 0 0 0 0 0 0 0 0 0 0 0 0 0 0 0 0 0 0 0 0 0 0 0 0 0 
