32 32
0 7.920458084E-12 6.31240105E-12 6.271348892E-12 6.250927202E-12 6.269402768E-12 6.248797897E-12 6.251082574E-12 4.483184817E-11 6.876507819E-12 6.290694985E-12 6.271427803E-12 6.258574402E-12 6.262570735E-12 6.291401899E-12 6.251414674E-12 6.297909184E-12 6.294501701E-12 6.224302675E-12 6.275397058E-12 6.259504064E-12 6.258347088E-12 6.269693566E-12 6.257013221E-12 6.268361084E-12 6.245161199E-12 6.252739229E-12 6.261827887E-12 6.221662859E-12 6.209849358E-12 6.241548287E-12 6.275941159E-12 
0 0 7.596776047E-12 6.320932278E-12 6.282669092E-12 6.299342809E-12 6.275362892E-12 6.27946493E-12 6.728542278E-12 7.110377133E-12 6.400890115E-12 6.304606959E-12 6.286709659E-12 6.291152201E-12 6.320074183E-12 6.276237323E-12 6.266021796E-12 6.307690968E-12 6.251583643E-12 6.303462317E-12 6.290509924E-12 6.291108319E-12 6.300304223E-12 6.288102022E-12 6.287598759E-12 6.27126973E-12 6.278289185E-12 6.290941886E-12 6.251122283E-12 6.238564256E-12 6.270791749E-12 6.308213182E-12 
0 0 0 7.462069986E-12 6.2704148E-12 6.262934863E-12 6.234359937E-12 6.237134291E-12 6.256562823E-12 6.354632824E-12 7.193558003E-12 6.35451452E-12 6.253000246E-12 6.250415694E-12 6.275187635E-12 6.233003482E-12 6.21875685E-12 6.25988756E-12 6.208923288E-12 6.261198664E-12 6.246552309E-12 6.245323495E-12 6.253676893E-12 6.240775522E-12 6.239071234E-12 6.223473377E-12 6.232177427E-12 6.246046318E-12 6.204520276E-12 6.193820494E-12 6.22410349E-12 6.26198968E-12 
0 0 0 0 7.561788676E-12 6.332753598E-12 6.281259932E-12 6.278901901E-12 6.273385609E-12 6.300115027E-12 6.389291899E-12 7.243285432E-12 6.376149739E-12 6.29848082E-12 6.317916866E-12 6.272845828E-12 6.25422192E-12 6.293199071E-12 6.2424843E-12 6.303791233E-12 6.2876044E-12 6.284127545E-12 6.29171873E-12 6.28016819E-12 6.275730018E-12 6.262008345E-12 6.270137763E-12 6.283709636E-12 6.242806411E-12 6.232605107E-12 6.264460542E-12 6.300319194E-12 
0 0 0 0 0 7.540869344E-12 6.297888101E-12 6.271912269E-12 6.252988219E-12 6.278149186E-12 6.277707358E-12 6.387752884E-12 7.172266955E-12 6.369043195E-12 6.310275235E-12 6.26001321E-12 6.234444095E-12 6.274256672E-12 6.221084803E-12 6.281077721E-12 6.275631121E-12 6.271436604E-12 6.27822285E-12 6.26428545E-12 6.258161752E-12 6.242331579E-12 6.251009951E-12 6.265683108E-12 6.225732807E-12 6.217035558E-12 6.248095499E-12 6.285205463E-12 
0 0 0 0 0 0 7.476062783E-12 6.275822336E-12 6.213688313E-12 6.239144765E-12 6.230431278E-12 6.247946236E-12 6.342831038E-12 7.092885252E-12 6.372583941E-12 6.24118203E-12 6.200870705E-12 6.241977044E-12 6.184887596E-12 6.244850039E-12 6.239059688E-12 6.244603346E-12 6.250604318E-12 6.234635041E-12 6.223860802E-12 6.208777046E-12 6.218234928E-12 6.233657425E-12 6.193748235E-12 6.183479938E-12 6.215169717E-12 6.25133971E-12 
0 0 0 0 0 0 0 7.665408041E-12 6.256279148E-12 6.280074788E-12 6.270541825E-12 6.280653459E-12 6.285400684E-12 6.385407556E-12 7.306672181E-12 6.379604058E-12 6.238950969E-12 6.278093838E-12 6.220893126E-12 6.279256101E-12 6.271810427E-12 6.276520511E-12 6.292449518E-12 6.27975037E-12 6.262429785E-12 6.246704644E-12 6.255018983E-12 6.272496172E-12 6.231057779E-12 6.222218249E-12 6.257094265E-12 6.295904216E-12 
0 0 0 0 0 0 0 0 6.261168913E-12 6.282591694E-12 6.272775079E-12 6.280246597E-12 6.278854513E-12 6.297250689E-12 6.439357396E-12 7.247954309E-12 6.244133799E-12 6.284082657E-12 6.230777924E-12 6.287650548E-12 6.279090282E-12 6.283012602E-12 6.2984663E-12 6.307007769E-12 6.270140845E-12 6.254877818E-12 6.262851196E-12 6.277804008E-12 6.237776879E-12 6.229418374E-12 6.261604587E-12 6.305733268E-12 
0 0 0 0 0 0 0 0 0 7.351229244E-12 6.29001709E-12 6.274652506E-12 6.261782835E-12 6.267356601E-12 6.295959027E-12 6.25473215E-12 7.241186851E-12 6.393123177E-12 6.235498932E-12 6.279477716E-12 6.263650241E-12 6.26380728E-12 6.274370201E-12 6.263082698E-12 6.28824894E-12 6.255748944E-12 6.258398316E-12 6.270262792E-12 6.227246559E-12 6.2160276E-12 6.247755626E-12 6.28354521E-12 
0 0 0 0 0 0 0 0 0 0 7.565048697E-12 6.29584285E-12 6.268221953E-12 6.267351723E-12 6.295942899E-12 6.253841381E-12 6.344690832E-12 7.192382392E-12 6.32345647E-12 6.289745876E-12 6.269157512E-12 6.266200497E-12 6.275519562E-12 6.26453885E-12 6.269996161E-12 6.257849887E-12 6.260119786E-12 6.270966387E-12 6.229662793E-12 6.216476764E-12 6.249038619E-12 6.282595322E-12 
0 0 0 0 0 0 0 0 0 0 0 7.364313548E-12 6.310546563E-12 6.294941621E-12 6.317343763E-12 6.275231079E-12 6.276852508E-12 6.413171074E-12 7.101932206E-12 6.405553733E-12 6.29968756E-12 6.290944669E-12 6.298582399E-12 6.285283653E-12 6.287785609E-12 6.277149325E-12 6.289441849E-12 6.297105442E-12 6.253094038E-12 6.240751897E-12 6.269817892E-12 6.30673843E-12 
0 0 0 0 0 0 0 0 0 0 0 0 7.44755596E-12 6.303277701E-12 6.30977271E-12 6.263938697E-12 6.247751234E-12 6.294564281E-12 6.333860512E-12 7.164542527E-12 6.390065969E-12 6.28672475E-12 6.287748958E-12 6.270970751E-12 6.269405043E-12 6.257115931E-12 6.268904125E-12 6.287643645E-12 6.239036827E-12 6.224259553E-12 6.255495547E-12 6.289199044E-12 
0 0 0 0 0 0 0 0 0 0 0 0 0 7.469029324E-12 6.311182641E-12 6.249392496E-12 6.223283572E-12 6.266729425E-12 6.222360848E-12 6.363912551E-12 7.175626044E-12 6.365673993E-12 6.280904961E-12 6.259425159E-12 6.25040433E-12 6.23616422E-12 6.246613869E-12 6.266311863E-12 6.230938924E-12 6.215244155E-12 6.242339045E-12 6.276639777E-12 
0 0 0 0 0 0 0 0 0 0 0 0 0 0 7.43908414E-12 6.276090514E-12 6.225036914E-12 6.265318019E-12 6.214963477E-12 6.280730289E-12 6.360905252E-12 7.196300226E-12 6.374787918E-12 6.270524015E-12 6.250361059E-12 6.232987841E-12 6.243135808E-12 6.259563541E-12 6.224136436E-12 6.2182172E-12 6.243081097E-12 6.278232403E-12 
0 0 0 0 0 0 0 0 0 0 0 0 0 0 0 7.582255086E-12 6.244674518E-12 6.282748187E-12 6.231509586E-12 6.289756922E-12 6.288724635E-12 6.384311921E-12 7.149583404E-12 6.3851441E-12 6.266661022E-12 6.25593397E-12 6.262072185E-12 6.277012278E-12 6.239740485E-12 6.231680882E-12 6.269609414E-12 6.306204056E-12 
0 0 0 0 0 0 0 0 0 0 0 0 0 0 0 0 6.24728921E-12 6.28790049E-12 6.233760791E-12 6.29125308E-12 6.284193003E-12 6.296630809E-12 6.414661726E-12 7.280821684E-12 6.271271408E-12 6.256197269E-12 6.266034227E-12 6.282945252E-12 6.243528632E-12 6.237326336E-12 6.274142593E-12 6.333406074E-12 
0 0 0 0 0 0 0 0 0 0 0 0 0 0 0 0 0 7.518114563E-12 6.252252268E-12 6.286461552E-12 6.269257971E-12 6.26717496E-12 6.276257541E-12 6.264206434E-12 7.272925468E-12 6.370454112E-12 6.273655471E-12 6.274887254E-12 6.229333082E-12 6.217332724E-12 6.24864541E-12 6.285336636E-12 
0 0 0 0 0 0 0 0 0 0 0 0 0 0 0 0 0 0 7.514443501E-12 6.340702373E-12 6.306958913E-12 6.303556821E-12 6.311646496E-12 6.297688385E-12 6.409852781E-12 7.128321235E-12 6.394707024E-12 6.32107418E-12 6.267660474E-12 6.254272322E-12 6.28610112E-12 6.31993259E-12 
0 0 0 0 0 0 0 0 0 0 0 0 0 0 0 0 0 0 0 7.400166104E-12 6.291223588E-12 6.269938894E-12 6.275265298E-12 6.262021108E-12 6.276640489E-12 6.360873182E-12 7.159075947E-12 6.381012859E-12 6.242370245E-12 6.219713232E-12 6.249640736E-12 6.283217574E-12 
0 0 0 0 0 0 0 0 0 0 0 0 0 0 0 0 0 0 0 0 7.510605526E-12 6.240255105E-12 6.229510631E-12 6.214569916E-12 6.214083077E-12 6.209582903E-12 6.311459092E-12 7.156352489E-12 6.281517279E-12 6.179666423E-12 6.200100218E-12 6.233693832E-12 
0 0 0 0 0 0 0 0 0 0 0 0 0 0 0 0 0 0 0 0 0 7.391168044E-12 6.30601856E-12 6.275551809E-12 6.267051393E-12 6.254381501E-12 6.270649634E-12 6.385538122E-12 7.108433134E-12 6.334612447E-12 6.267892957E-12 6.293211118E-12 
0 0 0 0 0 0 0 0 0 0 0 0 0 0 0 0 0 0 0 0 0 0 7.470388022E-12 6.284193568E-12 6.250369153E-12 6.236481386E-12 6.248760181E-12 6.275224398E-12 6.328013544E-12 7.09445938E-12 6.35092233E-12 6.294857951E-12 
0 0 0 0 0 0 0 0 0 0 0 0 0 0 0 0 0 0 0 0 0 0 0 7.526378404E-12 6.281581031E-12 6.265706493E-12 6.275277049E-12 6.295428809E-12 6.2662845E-12 6.348663068E-12 7.145684243E-12 6.42232487E-12 
0 0 0 0 0 0 0 0 0 0 0 0 0 0 0 0 0 0 0 0 0 0 0 0 6.2439054E-12 6.229616351E-12 6.238490102E-12 6.256012724E-12 6.222756482E-12 6.226963522E-12 6.366831919E-12 7.400875995E-12 
0 0 0 0 0 0 0 0 0 0 0 0 0 0 0 0 0 0 0 0 0 0 0 0 0 7.500289192E-12 6.278884186E-12 6.260465348E-12 6.21048507E-12 6.196140001E-12 6.225073337E-12 6.262831199E-12 
0 0 0 0 0 0 0 0 0 0 0 0 0 0 0 0 0 0 0 0 0 0 0 0 0 0 7.496533491E-12 6.296259135E-12 6.221653136E-12 6.2035897E-12 6.230542321E-12 6.266155391E-12 
0 0 0 0 0 0 0 0 0 0 0 0 0 0 0 0 0 0 0 0 0 0 0 0 0 0 0 7.615062185E-12 6.223256317E-12 6.183963558E-12 6.207655485E-12 6.240896108E-12 
0 0 0 0 0 0 0 0 0 0 0 0 0 0 0 0 0 0 0 0 0 0 0 0 0 0 0 0 7.457905531E-12 6.246605298E-12 6.247499071E-12 6.278076527E-12 
0 0 0 0 0 0 0 0 0 0 0 0 0 0 0 0 0 0 0 0 0 0 0 0 0 0 0 0 0 7.513492638E-12 6.253924715E-12 6.262772087E-12 
0 0 0 0 0 0 0 0 0 0 0 0 0 0 0 0 0 0 0 0 0 0 0 0 0 0 0 0 0 0 7.423275875E-12 6.289763166E-12 
0 0 0 0 0 0 0 0 0 0 0 0 0 0 0 0 0 0 0 0 0 0 0 0 0 0 0 0 0 0 0 7.682005436E-12 
0 0 0 0 0 0 0 0 0 0 0 0 0 0 0 0 0 0 0 0 0 0 0 0 0 0 0 0 0 0 0 0 
