32 32
0 7.598665483E-12 6.296477224E-12 6.265509757E-12 6.250337408E-12 6.272663797E-12 6.24827766E-12 6.252799238E-12 7.254430518E-12 6.402553133E-12 6.278463056E-12 6.271749589E-12 6.262533617E-12 6.265580505E-12 6.294194041E-12 6.252657968E-12 6.267861022E-12 6.285040906E-12 6.224056698E-12 6.275678947E-12 6.263321673E-12 6.263007676E-12 6.270633299E-12 6.258463612E-12 6.263364523E-12 6.242170243E-12 6.249356458E-12 6.262182599E-12 6.221483182E-12 6.211220925E-12 6.242656891E-12 6.279968331E-12 
0 0 7.608194198E-12 6.3245283E-12 6.28559259E-12 6.301447211E-12 6.274605293E-12 6.280231345E-12 6.390855735E-12 7.1523482E-12 6.406090687E-12 6.310077636E-12 6.292468549E-12 6.29517451E-12 6.323263894E-12 6.281939928E-12 6.276325188E-12 6.316590641E-12 6.253401677E-12 6.302706572E-12 6.290891622E-12 6.291685714E-12 6.300627291E-12 6.289105789E-12 6.288968047E-12 6.270808781E-12 6.277874191E-12 6.289057051E-12 6.250691113E-12 6.240595157E-12 6.270736669E-12 6.308317272E-12 
0 0 0 7.463887407E-12 6.273654033E-12 6.266043137E-12 6.235068552E-12 6.236019022E-12 6.251762549E-12 6.358791532E-12 7.194902906E-12 6.355575365E-12 6.25577572E-12 6.250833184E-12 6.277892062E-12 6.235346206E-12 6.221949348E-12 6.262278794E-12 6.211563206E-12 6.26263335E-12 6.248920636E-12 6.248371065E-12 6.25673651E-12 6.243249821E-12 6.242201379E-12 6.226658995E-12 6.234263722E-12 6.24942891E-12 6.207597456E-12 6.196353735E-12 6.22644759E-12 6.263460857E-12 
0 0 0 0 7.564499075E-12 6.335514193E-12 6.281284038E-12 6.280902465E-12 6.275698545E-12 6.305773533E-12 6.391500608E-12 7.247011762E-12 6.379955906E-12 6.300139073E-12 6.317420888E-12 6.272678486E-12 6.257690121E-12 6.296108507E-12 6.246512045E-12 6.306254615E-12 6.290248359E-12 6.287695056E-12 6.294885592E-12 6.281338183E-12 6.27752023E-12 6.2610585E-12 6.271402395E-12 6.285716129E-12 6.245064028E-12 6.235489644E-12 6.266626105E-12 6.30290973E-12 
0 0 0 0 0 7.540599049E-12 6.294076731E-12 6.286138103E-12 6.254285863E-12 6.280278822E-12 6.279377902E-12 6.392809011E-12 7.174666554E-12 6.371816249E-12 6.314122462E-12 6.263819411E-12 6.236212205E-12 6.274953397E-12 6.221429744E-12 6.281142316E-12 6.276366411E-12 6.274222704E-12 6.279395333E-12 6.265445445E-12 6.260630622E-12 6.246475131E-12 6.254609634E-12 6.269885167E-12 6.22967799E-12 6.21766552E-12 6.251010464E-12 6.288479652E-12 
0 0 0 0 0 0 7.368750058E-12 6.682721015E-12 6.220792975E-12 6.241756729E-12 6.23367145E-12 6.251694527E-12 6.345404992E-12 7.086477637E-12 6.362551009E-12 6.24116435E-12 6.203372723E-12 6.242118166E-12 6.189425511E-12 6.247015758E-12 6.240022797E-12 6.246155121E-12 6.251125595E-12 6.237642598E-12 6.228134775E-12 6.211479147E-12 6.21830678E-12 6.234110632E-12 6.195461707E-12 6.184184568E-12 6.21574921E-12 6.253519042E-12 
0 0 0 0 0 0 0 6.052023068E-11 6.259137046E-12 6.279049147E-12 6.269925618E-12 6.281967931E-12 6.285521344E-12 6.378152719E-12 7.279790285E-12 6.513287871E-12 6.241804885E-12 6.280304289E-12 6.22754541E-12 6.284923481E-12 6.275333063E-12 6.280178812E-12 6.296713895E-12 6.290026393E-12 6.264195754E-12 6.249269617E-12 6.259792278E-12 6.275348446E-12 6.2357083E-12 6.225030326E-12 6.257641644E-12 6.29809838E-12 
0 0 0 0 0 0 0 0 6.262148075E-12 6.284268951E-12 6.275023551E-12 6.284231271E-12 6.28468739E-12 6.332192412E-12 6.530308045E-12 7.195876822E-12 6.246536076E-12 6.284287536E-12 6.231116856E-12 6.289050354E-12 6.280298898E-12 6.283977605E-12 6.300113374E-12 6.306476267E-12 6.271732356E-12 6.256081179E-12 6.263237967E-12 6.277853729E-12 6.240667792E-12 6.230567852E-12 6.262833551E-12 6.307112545E-12 
0 0 0 0 0 0 0 0 0 7.523578368E-12 6.295949676E-12 6.276974211E-12 6.264394877E-12 6.268096591E-12 6.299109925E-12 6.25614383E-12 7.25798315E-12 6.401043861E-12 6.239008321E-12 6.283501679E-12 6.266871518E-12 6.268054655E-12 6.277050455E-12 6.263595828E-12 6.292933526E-12 6.256390364E-12 6.262149897E-12 6.271793021E-12 6.230085049E-12 6.218046861E-12 6.250508839E-12 6.286168238E-12 
0 0 0 0 0 0 0 0 0 0 7.569221314E-12 6.297321295E-12 6.267906537E-12 6.269237368E-12 6.296154017E-12 6.255450709E-12 6.346516183E-12 7.194301839E-12 6.326865705E-12 6.291594999E-12 6.269937957E-12 6.269410506E-12 6.276638652E-12 6.265022787E-12 6.271022913E-12 6.257282014E-12 6.260044149E-12 6.272193607E-12 6.23081733E-12 6.218780077E-12 6.248460506E-12 6.285437969E-12 
0 0 0 0 0 0 0 0 0 0 0 7.363179035E-12 6.309065532E-12 6.293526969E-12 6.319528681E-12 6.276675257E-12 6.276330091E-12 6.413782225E-12 7.104340368E-12 6.405992765E-12 6.302701846E-12 6.29377346E-12 6.299787447E-12 6.286735498E-12 6.286869618E-12 6.273028866E-12 6.286664418E-12 6.296552945E-12 6.251683452E-12 6.238243863E-12 6.268781294E-12 6.307489505E-12 
0 0 0 0 0 0 0 0 0 0 0 0 7.445790764E-12 6.301660593E-12 6.30787449E-12 6.263067502E-12 6.248935955E-12 6.297259892E-12 6.335386638E-12 7.16702125E-12 6.391310577E-12 6.288632527E-12 6.288198254E-12 6.27340759E-12 6.270916286E-12 6.257361809E-12 6.266672259E-12 6.289663983E-12 6.244291101E-12 6.228748756E-12 6.257508805E-12 6.293395818E-12 
0 0 0 0 0 0 0 0 0 0 0 0 0 7.469776918E-12 6.315232366E-12 6.252877148E-12 6.227128685E-12 6.269655071E-12 6.223953271E-12 6.363858118E-12 7.177066415E-12 6.363117353E-12 6.279716893E-12 6.259719127E-12 6.251339736E-12 6.234924386E-12 6.245339759E-12 6.263547661E-12 6.227717909E-12 6.212438006E-12 6.240842821E-12 6.277280961E-12 
0 0 0 0 0 0 0 0 0 0 0 0 0 0 7.431468142E-12 6.27422567E-12 6.224802586E-12 6.264592258E-12 6.21304174E-12 6.278811362E-12 6.360677992E-12 7.195208382E-12 6.373982842E-12 6.267307573E-12 6.245511525E-12 6.232798115E-12 6.242837091E-12 6.262313612E-12 6.225233522E-12 6.217128325E-12 6.247884176E-12 6.279971527E-12 
0 0 0 0 0 0 0 0 0 0 0 0 0 0 0 7.576282724E-12 6.247304597E-12 6.284367602E-12 6.230187056E-12 6.289087112E-12 6.288842421E-12 6.382845418E-12 7.14932133E-12 6.385872531E-12 6.269182786E-12 6.254311094E-12 6.262155194E-12 6.279417065E-12 6.241933898E-12 6.233966421E-12 6.271152531E-12 6.30541598E-12 
0 0 0 0 0 0 0 0 0 0 0 0 0 0 0 0 6.25067044E-12 6.288902201E-12 6.235642697E-12 6.291124221E-12 6.284228368E-12 6.298269826E-12 6.414540517E-12 7.282030926E-12 6.273306305E-12 6.25963385E-12 6.267642889E-12 6.284770673E-12 6.244643079E-12 6.236630667E-12 6.273849308E-12 6.333269467E-12 
0 0 0 0 0 0 0 0 0 0 0 0 0 0 0 0 0 7.514636141E-12 6.251675229E-12 6.284672325E-12 6.268626244E-12 6.268946045E-12 6.277737368E-12 6.264445905E-12 7.273989671E-12 6.371154185E-12 6.273976237E-12 6.276162253E-12 6.231609066E-12 6.219654509E-12 6.249543069E-12 6.286937095E-12 
0 0 0 0 0 0 0 0 0 0 0 0 0 0 0 0 0 0 7.515440054E-12 6.339804706E-12 6.307105515E-12 6.30520446E-12 6.313477569E-12 6.298782792E-12 6.41243824E-12 7.12966187E-12 6.396360334E-12 6.322542006E-12 6.271011143E-12 6.256736626E-12 6.288209055E-12 6.324298744E-12 
0 0 0 0 0 0 0 0 0 0 0 0 0 0 0 0 0 0 0 7.400500066E-12 6.291926134E-12 6.272387365E-12 6.276265361E-12 6.260071677E-12 6.276453534E-12 6.361148656E-12 7.160826838E-12 6.382627367E-12 6.241062202E-12 6.219148898E-12 6.247499788E-12 6.282616703E-12 
0 0 0 0 0 0 0 0 0 0 0 0 0 0 0 0 0 0 0 0 7.511096109E-12 6.242219245E-12 6.229888457E-12 6.215381309E-12 6.214419916E-12 6.210314528E-12 6.310406841E-12 7.154675185E-12 6.282932427E-12 6.180323299E-12 6.201864393E-12 6.234861165E-12 
0 0 0 0 0 0 0 0 0 0 0 0 0 0 0 0 0 0 0 0 0 7.389363507E-12 6.307491105E-12 6.275132822E-12 6.26608609E-12 6.255062303E-12 6.271761716E-12 6.388416995E-12 7.110464729E-12 6.33350412E-12 6.267264419E-12 6.291664864E-12 
0 0 0 0 0 0 0 0 0 0 0 0 0 0 0 0 0 0 0 0 0 0 7.467777018E-12 6.283512435E-12 6.250476878E-12 6.236744738E-12 6.246837658E-12 6.271756766E-12 6.323982078E-12 7.091231627E-12 6.351739812E-12 6.294416071E-12 
0 0 0 0 0 0 0 0 0 0 0 0 0 0 0 0 0 0 0 0 0 0 0 7.527599794E-12 6.285757256E-12 6.269216458E-12 6.27845991E-12 6.297484274E-12 6.268522117E-12 6.348213113E-12 7.149819803E-12 6.428013274E-12 
0 0 0 0 0 0 0 0 0 0 0 0 0 0 0 0 0 0 0 0 0 0 0 0 6.250387909E-12 6.235955285E-12 6.244485314E-12 6.261562774E-12 6.225557755E-12 6.227052755E-12 6.367991465E-12 7.4042786E-12 
0 0 0 0 0 0 0 0 0 0 0 0 0 0 0 0 0 0 0 0 0 0 0 0 0 7.499756873E-12 6.28041252E-12 6.260314909E-12 6.211514992E-12 6.197692478E-12 6.227786183E-12 6.264127347E-12 
0 0 0 0 0 0 0 0 0 0 0 0 0 0 0 0 0 0 0 0 0 0 0 0 0 0 7.493456892E-12 6.295546074E-12 6.222084913E-12 6.204018038E-12 6.231257314E-12 6.267499503E-12 
0 0 0 0 0 0 0 0 0 0 0 0 0 0 0 0 0 0 0 0 0 0 0 0 0 0 0 7.616968254E-12 6.226006199E-12 6.184794623E-12 6.208391841E-12 6.240818619E-12 
0 0 0 0 0 0 0 0 0 0 0 0 0 0 0 0 0 0 0 0 0 0 0 0 0 0 0 0 7.456665561E-12 6.24908133E-12 6.247397829E-12 6.278846424E-12 
0 0 0 0 0 0 0 0 0 0 0 0 0 0 0 0 0 0 0 0 0 0 0 0 0 0 0 0 0 7.511002001E-12 6.254341703E-12 6.26461609E-12 
0 0 0 0 0 0 0 0 0 0 0 0 0 0 0 0 0 0 0 0 0 0 0 0 0 0 0 0 0 0 7.424124899E-12 6.291372364E-12 
0 0 0 0 0 0 0 0 0 0 0 0 0 0 0 0 0 0 0 0 0 0 0 0 0 0 0 0 0 0 0 7.681651173E-12 
0 0 0 0 0 0 0 0 0 0 0 0 0 0 0 0 0 0 0 0 0 0 0 0 0 0 0 0 0 0 0 0 
