32 32
0 7.62061356E-12 6.313596242E-12 6.282429977E-12 6.264907195E-12 6.285419458E-12 6.262340368E-12 6.26619241E-12 7.271089414E-12 6.413174983E-12 6.292030136E-12 6.284124793E-12 6.270635898E-12 6.275978336E-12 6.306214296E-12 6.266785025E-12 6.279421843E-12 6.297212032E-12 6.23778918E-12 6.288483924E-12 6.277237493E-12 6.277454953E-12 6.286785168E-12 6.274749583E-12 6.280654889E-12 6.261081433E-12 6.267047599E-12 6.280242213E-12 6.23745321E-12 6.228517206E-12 6.258328087E-12 6.296045506E-12 
0 0 7.633236006E-12 6.340673621E-12 6.301837463E-12 6.320123933E-12 6.295252616E-12 6.297210878E-12 6.405372101E-12 7.175792369E-12 6.422241625E-12 6.325034068E-12 6.305874705E-12 6.309953532E-12 6.336482429E-12 6.294347137E-12 6.288118681E-12 6.328147614E-12 6.268259348E-12 6.321258774E-12 6.308129749E-12 6.30835664E-12 6.315782691E-12 6.304040209E-12 6.304080892E-12 6.287264934E-12 6.296110384E-12 6.309549528E-12 6.267243177E-12 6.258534187E-12 6.287797555E-12 6.320620505E-12 
0 0 0 7.48308944E-12 6.279924031E-12 6.281271187E-12 6.246137689E-12 6.248569916E-12 6.263898583E-12 6.370338113E-12 7.21213422E-12 6.366341673E-12 6.264242745E-12 6.267686198E-12 6.290305793E-12 6.247978234E-12 6.233605675E-12 6.274799293E-12 6.223322603E-12 6.273297963E-12 6.261243692E-12 6.26009964E-12 6.269715031E-12 6.256637972E-12 6.25649486E-12 6.240762502E-12 6.247748388E-12 6.263103495E-12 6.221244108E-12 6.209976066E-12 6.24106047E-12 6.277977826E-12 
0 0 0 0 7.548678428E-12 6.387645441E-12 6.296477435E-12 6.294133288E-12 6.289200819E-12 6.319210731E-12 6.406402396E-12 7.261290887E-12 6.381908049E-12 6.347162644E-12 6.335093302E-12 6.288957251E-12 6.26826933E-12 6.310347361E-12 6.25665779E-12 6.316767042E-12 6.300629341E-12 6.30013565E-12 6.308998153E-12 6.295035417E-12 6.291315478E-12 6.276358987E-12 6.283597922E-12 6.300578048E-12 6.25802007E-12 6.246027677E-12 6.277936642E-12 6.316320238E-12 
0 0 0 0 0 9.552346692E-12 6.322384563E-12 6.289761935E-12 6.268632638E-12 6.293166963E-12 6.290520963E-12 6.39449272E-12 7.986978357E-12 8.139906156E-12 6.338527621E-12 6.278754686E-12 6.249988088E-12 6.290872051E-12 6.239966997E-12 6.297412759E-12 6.29237311E-12 6.289137665E-12 6.295541492E-12 6.280445521E-12 6.273978546E-12 6.258787891E-12 6.268116217E-12 6.282002253E-12 6.24260779E-12 6.233058874E-12 6.264441644E-12 6.300868736E-12 
0 0 0 0 0 0 7.484804479E-12 6.291601441E-12 6.233532269E-12 6.257098247E-12 6.251086743E-12 6.303096584E-12 8.473729927E-12 1.006115474E-11 6.394276675E-12 6.257817901E-12 6.2168154E-12 6.256394004E-12 6.204022558E-12 6.263961458E-12 6.259396155E-12 6.265068302E-12 6.266658429E-12 6.251967209E-12 6.241650715E-12 6.226541975E-12 6.233971323E-12 6.24855704E-12 6.208998455E-12 6.200119476E-12 6.231555063E-12 6.268200168E-12 
0 0 0 0 0 0 0 7.688370349E-12 6.272919707E-12 6.296342689E-12 6.287123085E-12 6.296295343E-12 6.313254435E-12 6.408739545E-12 7.32690241E-12 6.398520932E-12 6.258172283E-12 6.29461943E-12 6.240636676E-12 6.300559158E-12 6.291868453E-12 6.296268197E-12 6.311561301E-12 6.296503908E-12 6.28052835E-12 6.263913253E-12 6.273952573E-12 6.288875183E-12 6.248754997E-12 6.240787859E-12 6.272393497E-12 6.311752767E-12 
0 0 0 0 0 0 0 0 6.278746321E-12 6.298917902E-12 6.288398871E-12 6.295605536E-12 6.295193297E-12 6.314075428E-12 6.455080365E-12 7.269647378E-12 6.261161017E-12 6.300764469E-12 6.247660852E-12 6.30168238E-12 6.294181551E-12 6.298673403E-12 6.313685655E-12 6.322072071E-12 6.283833501E-12 6.267550505E-12 6.276086902E-12 6.292831903E-12 6.253132446E-12 6.243157418E-12 6.27488971E-12 6.319470352E-12 
0 0 0 0 0 0 0 0 0 7.545632267E-12 6.308134597E-12 6.290099837E-12 6.276653303E-12 6.284443559E-12 6.310169896E-12 6.267052772E-12 7.283187137E-12 6.411889037E-12 6.25094266E-12 6.296536681E-12 6.282421732E-12 6.283678789E-12 6.291827257E-12 6.277466533E-12 6.310217746E-12 6.271798516E-12 6.275157823E-12 6.286333078E-12 6.244771448E-12 6.234742289E-12 6.261435254E-12 6.29879768E-12 
0 0 0 0 0 0 0 0 0 0 7.591127968E-12 6.309819859E-12 6.281260321E-12 6.28683682E-12 6.31346045E-12 6.271808176E-12 6.364871958E-12 7.215577484E-12 6.342054345E-12 6.304265683E-12 6.284689681E-12 6.282479493E-12 6.290950341E-12 6.278960244E-12 6.28641628E-12 6.27496324E-12 6.273448136E-12 6.288564526E-12 6.24426844E-12 6.234508435E-12 6.265691241E-12 6.300055198E-12 
0 0 0 0 0 0 0 0 0 0 0 7.38758273E-12 6.323396429E-12 6.31481061E-12 6.334918792E-12 6.292812052E-12 6.291795042E-12 6.429655591E-12 7.124577813E-12 6.421960745E-12 6.316903113E-12 6.308099911E-12 6.314566622E-12 6.300840414E-12 6.303675116E-12 6.291039034E-12 6.303006766E-12 6.312338273E-12 6.26893232E-12 6.256175451E-12 6.285974245E-12 6.322381034E-12 
0 0 0 0 0 0 0 0 0 0 0 0 7.432042276E-12 6.34475547E-12 6.325125427E-12 6.281041012E-12 6.262888083E-12 6.31172215E-12 6.350145607E-12 7.185306143E-12 6.40485694E-12 6.304487569E-12 6.303134852E-12 6.28742767E-12 6.284660503E-12 6.271706226E-12 6.282875513E-12 6.302452105E-12 6.259025604E-12 6.24348001E-12 6.273168136E-12 6.307273859E-12 
0 0 0 0 0 0 0 0 0 0 0 0 0 8.959955861E-12 6.3384669E-12 6.269780931E-12 6.242506839E-12 6.282760786E-12 6.238626872E-12 6.376924086E-12 7.191758504E-12 6.376754897E-12 6.293913286E-12 6.273175301E-12 6.264400439E-12 6.250146546E-12 6.258683717E-12 6.276914196E-12 6.240866473E-12 6.227482205E-12 6.257725462E-12 6.292529356E-12 
0 0 0 0 0 0 0 0 0 0 0 0 0 0 7.443970086E-12 6.291817855E-12 6.241592687E-12 6.279919486E-12 6.226882493E-12 6.293848655E-12 6.374977512E-12 7.211084783E-12 6.387435489E-12 6.282619924E-12 6.26237399E-12 6.249984454E-12 6.258953452E-12 6.276382959E-12 6.240719242E-12 6.2330779E-12 6.262549947E-12 6.295234791E-12 
0 0 0 0 0 0 0 0 0 0 0 0 0 0 0 7.607930899E-12 6.260212826E-12 6.299579858E-12 6.246173714E-12 6.304054845E-12 6.303727186E-12 6.399815991E-12 7.169593722E-12 6.403172504E-12 6.28424622E-12 6.269902281E-12 6.279417994E-12 6.294109282E-12 6.256437459E-12 6.249257153E-12 6.288988372E-12 6.321479594E-12 
0 0 0 0 0 0 0 0 0 0 0 0 0 0 0 0 6.263118612E-12 6.303063248E-12 6.249486954E-12 6.307418151E-12 6.299359036E-12 6.313390749E-12 6.430031218E-12 7.303287649E-12 6.287901453E-12 6.274329525E-12 6.282390898E-12 6.29808133E-12 6.25966109E-12 6.252784582E-12 6.29008025E-12 6.347407411E-12 
0 0 0 0 0 0 0 0 0 0 0 0 0 0 0 0 0 7.541291546E-12 6.268952293E-12 6.300104903E-12 6.283769438E-12 6.283438968E-12 6.292054981E-12 6.279533306E-12 7.296767381E-12 6.386609785E-12 6.28765563E-12 6.291281636E-12 6.246449829E-12 6.2350415E-12 6.262278797E-12 6.299257388E-12 
0 0 0 0 0 0 0 0 0 0 0 0 0 0 0 0 0 0 7.53776252E-12 6.35802952E-12 6.323799591E-12 6.321011609E-12 6.328546038E-12 6.316421319E-12 6.427311191E-12 7.152362164E-12 6.4127995E-12 6.337214071E-12 6.285917722E-12 6.272722338E-12 6.303560641E-12 6.339158196E-12 
0 0 0 0 0 0 0 0 0 0 0 0 0 0 0 0 0 0 0 7.42283468E-12 6.307613551E-12 6.286771754E-12 6.291638758E-12 6.277392511E-12 6.293275896E-12 6.377742829E-12 7.180993142E-12 6.396067182E-12 6.255681096E-12 6.234074752E-12 6.262825551E-12 6.296533921E-12 
0 0 0 0 0 0 0 0 0 0 0 0 0 0 0 0 0 0 0 0 7.53499838E-12 6.25632641E-12 6.245639922E-12 6.22856633E-12 6.230135242E-12 6.221839417E-12 6.324582038E-12 7.174619213E-12 6.295450992E-12 6.194790835E-12 6.215647556E-12 6.247709804E-12 
0 0 0 0 0 0 0 0 0 0 0 0 0 0 0 0 0 0 0 0 0 7.412655238E-12 6.324687009E-12 6.290704925E-12 6.282904269E-12 6.27060741E-12 6.288761897E-12 6.404887827E-12 7.129979704E-12 6.348671755E-12 6.282552761E-12 6.310030397E-12 
0 0 0 0 0 0 0 0 0 0 0 0 0 0 0 0 0 0 0 0 0 0 7.491926882E-12 6.301779153E-12 6.266846429E-12 6.252333714E-12 6.263957467E-12 6.288919053E-12 6.343795197E-12 7.11628752E-12 6.369316638E-12 6.311272046E-12 
0 0 0 0 0 0 0 0 0 0 0 0 0 0 0 0 0 0 0 0 0 0 0 7.55070717E-12 6.299864495E-12 6.284475599E-12 6.292824747E-12 6.311378334E-12 6.282737162E-12 6.364882228E-12 7.167359755E-12 6.441577334E-12 
0 0 0 0 0 0 0 0 0 0 0 0 0 0 0 0 0 0 0 0 0 0 0 0 6.263880299E-12 6.249320759E-12 6.259036046E-12 6.27557348E-12 6.240974768E-12 6.243557323E-12 6.386111049E-12 7.42476195E-12 
0 0 0 0 0 0 0 0 0 0 0 0 0 0 0 0 0 0 0 0 0 0 0 0 0 7.524174605E-12 6.29631602E-12 6.27707695E-12 6.226238115E-12 6.212259005E-12 6.242967504E-12 6.277370711E-12 
0 0 0 0 0 0 0 0 0 0 0 0 0 0 0 0 0 0 0 0 0 0 0 0 0 0 7.518914224E-12 6.30926808E-12 6.236629033E-12 6.217971723E-12 6.248152357E-12 6.280633889E-12 
0 0 0 0 0 0 0 0 0 0 0 0 0 0 0 0 0 0 0 0 0 0 0 0 0 0 0 7.640540828E-12 6.237746896E-12 6.19625011E-12 6.220751445E-12 6.255148295E-12 
0 0 0 0 0 0 0 0 0 0 0 0 0 0 0 0 0 0 0 0 0 0 0 0 0 0 0 0 7.476033275E-12 6.260425603E-12 6.262216899E-12 6.292199553E-12 
0 0 0 0 0 0 0 0 0 0 0 0 0 0 0 0 0 0 0 0 0 0 0 0 0 0 0 0 0 7.532488364E-12 6.268757551E-12 6.277598143E-12 
0 0 0 0 0 0 0 0 0 0 0 0 0 0 0 0 0 0 0 0 0 0 0 0 0 0 0 0 0 0 7.450215833E-12 6.308718053E-12 
0 0 0 0 0 0 0 0 0 0 0 0 0 0 0 0 0 0 0 0 0 0 0 0 0 0 0 0 0 0 0 7.71454109E-12 
0 0 0 0 0 0 0 0 0 0 0 0 0 0 0 0 0 0 0 0 0 0 0 0 0 0 0 0 0 0 0 0 
