32 32
0 7.619262151E-12 6.31318723E-12 6.283502073E-12 6.264643806E-12 6.283196313E-12 6.262214968E-12 6.265183177E-12 7.270604515E-12 6.409250341E-12 6.297477673E-12 6.286277266E-12 6.274829133E-12 6.279515412E-12 6.309852149E-12 6.26733207E-12 6.28110593E-12 6.297918328E-12 6.243955945E-12 6.291743625E-12 6.279620792E-12 6.279837088E-12 6.289334624E-12 6.274905033E-12 6.282107139E-12 6.260265312E-12 6.266552188E-12 6.281034004E-12 6.238491427E-12 6.228332154E-12 6.260211841E-12 6.29609447E-12 
0 0 7.633783515E-12 6.343528943E-12 6.302859665E-12 6.318447412E-12 6.294923628E-12 6.297692099E-12 6.406406533E-12 7.170521323E-12 6.425484704E-12 6.323752321E-12 6.307312423E-12 6.30958126E-12 6.337481232E-12 6.296441651E-12 6.288433144E-12 6.329502217E-12 6.273536962E-12 6.320838722E-12 6.309004407E-12 6.308085292E-12 6.316567257E-12 6.304466258E-12 6.305089744E-12 6.289096776E-12 6.295619799E-12 6.311222645E-12 6.267600509E-12 6.257481045E-12 6.28955443E-12 6.32592853E-12 
0 0 0 7.487532675E-12 6.287676429E-12 6.27927407E-12 6.250291615E-12 6.251856964E-12 6.265169539E-12 6.371482959E-12 7.215698158E-12 6.371310217E-12 6.271248223E-12 6.266515432E-12 6.290995579E-12 6.250524866E-12 6.235150391E-12 6.278799394E-12 6.230941335E-12 6.276686757E-12 6.26225414E-12 6.262133816E-12 6.269727276E-12 6.257095296E-12 6.255946735E-12 6.241434504E-12 6.248860532E-12 6.262742157E-12 6.222432589E-12 6.211395527E-12 6.242174841E-12 6.279623681E-12 
0 0 0 0 7.587613466E-12 6.352131529E-12 6.296919299E-12 6.294435448E-12 6.28772801E-12 6.319194383E-12 6.406870666E-12 7.264419624E-12 6.396279024E-12 6.315892307E-12 6.332360028E-12 6.289000179E-12 6.268325216E-12 6.309173565E-12 6.261189063E-12 6.318092414E-12 6.303500547E-12 6.301992116E-12 6.309429671E-12 6.295211507E-12 6.291487871E-12 6.278648822E-12 6.284841556E-12 6.299469057E-12 6.259077941E-12 6.250011725E-12 6.280208363E-12 6.317221288E-12 
0 0 0 0 0 7.564920449E-12 6.315030867E-12 6.288906939E-12 6.268138667E-12 6.294044294E-12 6.293243524E-12 6.407023506E-12 7.197367721E-12 6.386245464E-12 6.328892829E-12 6.277509727E-12 6.252883303E-12 6.292352477E-12 6.239078685E-12 6.297963318E-12 6.291040836E-12 6.287043547E-12 6.293878334E-12 6.281764194E-12 6.276716053E-12 6.261231999E-12 6.267427382E-12 6.283895864E-12 6.244473409E-12 6.234728293E-12 6.264450958E-12 6.299217784E-12 
0 0 0 0 0 0 7.501027676E-12 6.295059295E-12 6.235094028E-12 6.256897104E-12 6.249141959E-12 6.266928939E-12 6.361948432E-12 7.115336304E-12 6.391212753E-12 6.259555248E-12 6.21855148E-12 6.256404066E-12 6.204306247E-12 6.262905834E-12 6.255658441E-12 6.261009219E-12 6.266547335E-12 6.252916902E-12 6.242214738E-12 6.227431258E-12 6.234812701E-12 6.249911991E-12 6.210629046E-12 6.201640929E-12 6.232898515E-12 6.268435148E-12 
0 0 0 0 0 0 0 7.688491651E-12 6.271775371E-12 6.293871199E-12 6.28227866E-12 6.294524549E-12 6.299859648E-12 6.39992766E-12 7.328161189E-12 6.399676041E-12 6.255820827E-12 6.295692232E-12 6.241862437E-12 6.298262993E-12 6.289073233E-12 6.294418812E-12 6.311643916E-12 6.298646184E-12 6.280039552E-12 6.26646668E-12 6.273846366E-12 6.288455854E-12 6.249626582E-12 6.240294194E-12 6.273744231E-12 6.312815276E-12 
0 0 0 0 0 0 0 0 6.279890847E-12 6.301852443E-12 6.289264758E-12 6.297787324E-12 6.298026281E-12 6.316078113E-12 6.455708013E-12 7.271622263E-12 6.26223494E-12 6.300387659E-12 6.246872059E-12 6.301748079E-12 6.295946403E-12 6.29939924E-12 6.312622784E-12 6.323590443E-12 6.286849234E-12 6.272307641E-12 6.27839224E-12 6.29566319E-12 6.253334486E-12 6.246670389E-12 6.280543731E-12 6.32386339E-12 
0 0 0 0 0 0 0 0 0 7.51382555E-12 6.345455898E-12 6.291445396E-12 6.28316255E-12 6.283846686E-12 6.313358688E-12 6.27186514E-12 7.286239433E-12 6.403457759E-12 6.288939641E-12 6.299212709E-12 6.28251069E-12 6.283059211E-12 6.292774237E-12 6.278905222E-12 6.308461329E-12 6.273335046E-12 6.27492795E-12 6.286884234E-12 6.245015017E-12 6.234176992E-12 6.266126351E-12 6.300918151E-12 
0 0 0 0 0 0 0 0 0 0 9.369923769E-12 6.321869302E-12 6.283751608E-12 6.285386675E-12 6.313630755E-12 6.271356273E-12 6.352818522E-12 7.994712018E-12 8.122154986E-12 6.317148989E-12 6.286363951E-12 6.284816678E-12 6.292801692E-12 6.27766471E-12 6.286731802E-12 6.275983221E-12 6.278628953E-12 6.289748932E-12 6.244975295E-12 6.233289448E-12 6.26370033E-12 6.300072834E-12 
0 0 0 0 0 0 0 0 0 0 0 7.372365443E-12 6.326500504E-12 6.311401755E-12 6.337165763E-12 6.29530319E-12 6.329188706E-12 8.451775396E-12 1.00123475E-11 6.426681516E-12 6.318986912E-12 6.308978531E-12 6.31718532E-12 6.300585404E-12 6.308370753E-12 6.298631396E-12 6.309610778E-12 6.315850878E-12 6.271158475E-12 6.256795121E-12 6.286895028E-12 6.322655437E-12 
0 0 0 0 0 0 0 0 0 0 0 0 7.469594702E-12 6.319376276E-12 6.325916884E-12 6.281520432E-12 6.264541187E-12 6.324912747E-12 6.355814644E-12 7.183424772E-12 6.406787185E-12 6.303369304E-12 6.303645419E-12 6.288838179E-12 6.284688388E-12 6.271350199E-12 6.28347999E-12 6.304129822E-12 6.257863962E-12 6.244550603E-12 6.272804123E-12 6.30796111E-12 
0 0 0 0 0 0 0 0 0 0 0 0 0 7.494394615E-12 6.329879293E-12 6.268178637E-12 6.243385412E-12 6.285785775E-12 6.239755553E-12 6.38106516E-12 7.197939146E-12 6.379995171E-12 6.296182515E-12 6.2745951E-12 6.267004173E-12 6.251611122E-12 6.262884324E-12 6.28257073E-12 6.244507549E-12 6.228305458E-12 6.256400496E-12 6.290802496E-12 
0 0 0 0 0 0 0 0 0 0 0 0 0 0 7.461369767E-12 6.292485629E-12 6.240372063E-12 6.280054342E-12 6.229558298E-12 6.29556546E-12 6.376651729E-12 7.217274588E-12 6.391686452E-12 6.287146813E-12 6.264908249E-12 6.249399288E-12 6.260265184E-12 6.275892297E-12 6.237816187E-12 6.234731213E-12 6.260717696E-12 6.296313969E-12 
0 0 0 0 0 0 0 0 0 0 0 0 0 0 0 7.605219209E-12 6.2553391E-12 6.295265639E-12 6.243801373E-12 6.303335587E-12 6.302952057E-12 6.397266518E-12 7.171106574E-12 6.400945086E-12 6.282425736E-12 6.269982298E-12 6.276421165E-12 6.296417204E-12 6.257884579E-12 6.248851991E-12 6.287803803E-12 6.323202205E-12 
0 0 0 0 0 0 0 0 0 0 0 0 0 0 0 0 6.264686447E-12 6.303467274E-12 6.250479947E-12 6.306860895E-12 6.302288244E-12 6.314596428E-12 6.432070546E-12 7.305379573E-12 6.288434133E-12 6.2748021E-12 6.282066528E-12 6.299024644E-12 6.261128427E-12 6.251862472E-12 6.291845627E-12 6.348994621E-12 
0 0 0 0 0 0 0 0 0 0 0 0 0 0 0 0 0 7.506062721E-12 6.29752695E-12 6.298760049E-12 6.283987285E-12 6.283462612E-12 6.290910457E-12 6.278755732E-12 7.29660359E-12 6.387609737E-12 6.290344733E-12 6.29114817E-12 6.248023546E-12 6.233143316E-12 6.263883157E-12 6.298576862E-12 
0 0 0 0 0 0 0 0 0 0 0 0 0 0 0 0 0 0 9.126232737E-12 6.367924905E-12 6.324965727E-12 6.321904047E-12 6.328986521E-12 6.316910685E-12 6.42372522E-12 7.147748731E-12 6.409152728E-12 6.337801692E-12 6.285645763E-12 6.271557039E-12 6.302042496E-12 6.336985547E-12 
0 0 0 0 0 0 0 0 0 0 0 0 0 0 0 0 0 0 0 7.408054695E-12 6.3030893E-12 6.282593868E-12 6.287224585E-12 6.274856117E-12 6.292952021E-12 6.375868227E-12 7.178256328E-12 6.393678991E-12 6.253144281E-12 6.234042932E-12 6.261330255E-12 6.296457334E-12 
0 0 0 0 0 0 0 0 0 0 0 0 0 0 0 0 0 0 0 0 7.533201946E-12 6.254155681E-12 6.241837588E-12 6.225160258E-12 6.22543937E-12 6.224332336E-12 6.326034173E-12 7.176962175E-12 6.297393212E-12 6.194255344E-12 6.216122058E-12 6.251420046E-12 
0 0 0 0 0 0 0 0 0 0 0 0 0 0 0 0 0 0 0 0 0 7.414210387E-12 6.322149758E-12 6.290591114E-12 6.281185496E-12 6.270402389E-12 6.287793925E-12 6.404377907E-12 7.131673793E-12 6.351579008E-12 6.283979236E-12 6.310954129E-12 
0 0 0 0 0 0 0 0 0 0 0 0 0 0 0 0 0 0 0 0 0 0 7.491566199E-12 6.298634429E-12 6.263968297E-12 6.25173284E-12 6.261689412E-12 6.289796424E-12 6.344397128E-12 7.116854986E-12 6.367962353E-12 6.312103893E-12 
0 0 0 0 0 0 0 0 0 0 0 0 0 0 0 0 0 0 0 0 0 0 0 7.551450983E-12 6.299594178E-12 6.284076967E-12 6.294629934E-12 6.311572787E-12 6.282849694E-12 6.365925228E-12 7.169631142E-12 6.443971989E-12 
0 0 0 0 0 0 0 0 0 0 0 0 0 0 0 0 0 0 0 0 0 0 0 0 6.267081165E-12 6.251721638E-12 6.260224515E-12 6.275289331E-12 6.240044766E-12 6.241322927E-12 6.386932054E-12 7.425613891E-12 
0 0 0 0 0 0 0 0 0 0 0 0 0 0 0 0 0 0 0 0 0 0 0 0 0 7.525388235E-12 6.297136852E-12 6.276245357E-12 6.226413669E-12 6.214157632E-12 6.24226769E-12 6.27678774E-12 
0 0 0 0 0 0 0 0 0 0 0 0 0 0 0 0 0 0 0 0 0 0 0 0 0 0 7.519822998E-12 6.311843118E-12 6.23936489E-12 6.213444072E-12 6.246181934E-12 6.281025844E-12 
0 0 0 0 0 0 0 0 0 0 0 0 0 0 0 0 0 0 0 0 0 0 0 0 0 0 0 7.639985051E-12 6.239346536E-12 6.197293504E-12 6.223199758E-12 6.256873736E-12 
0 0 0 0 0 0 0 0 0 0 0 0 0 0 0 0 0 0 0 0 0 0 0 0 0 0 0 0 7.479776284E-12 6.262585688E-12 6.26464108E-12 6.292953442E-12 
0 0 0 0 0 0 0 0 0 0 0 0 0 0 0 0 0 0 0 0 0 0 0 0 0 0 0 0 0 7.535757697E-12 6.270233649E-12 6.280001374E-12 
0 0 0 0 0 0 0 0 0 0 0 0 0 0 0 0 0 0 0 0 0 0 0 0 0 0 0 0 0 0 7.451820602E-12 6.310763968E-12 
0 0 0 0 0 0 0 0 0 0 0 0 0 0 0 0 0 0 0 0 0 0 0 0 0 0 0 0 0 0 0 7.71406076E-12 
0 0 0 0 0 0 0 0 0 0 0 0 0 0 0 0 0 0 0 0 0 0 0 0 0 0 0 0 0 0 0 0 
