32 32
0 7.624380904E-12 6.314070931E-12 6.28125554E-12 6.265023019E-12 6.285716607E-12 6.262957931E-12 6.265187054E-12 7.273486257E-12 6.415239353E-12 6.293326853E-12 6.287261898E-12 6.274582459E-12 6.278825508E-12 6.309378786E-12 6.266370307E-12 6.282246444E-12 6.299119247E-12 6.237929351E-12 6.291814543E-12 6.279582953E-12 6.279943491E-12 6.287791748E-12 6.277721373E-12 6.283825272E-12 6.2616441E-12 6.268017956E-12 6.282211676E-12 6.241938549E-12 6.227646712E-12 6.26022887E-12 6.297747517E-12 
0 0 7.635891631E-12 6.345085446E-12 6.305174466E-12 6.319593313E-12 6.297660184E-12 6.298458695E-12 6.407078829E-12 7.179604007E-12 6.425143805E-12 6.328204126E-12 6.308178636E-12 6.310540739E-12 6.34210148E-12 6.297090621E-12 6.290924022E-12 6.331006069E-12 6.2699864E-12 6.322559831E-12 6.309176395E-12 6.308640306E-12 6.317863774E-12 6.306192073E-12 6.306910557E-12 6.289262092E-12 6.298090784E-12 6.31095608E-12 6.270243003E-12 6.258058882E-12 6.289056805E-12 6.325293036E-12 
0 0 0 7.48700565E-12 6.290305704E-12 6.282047228E-12 6.252605546E-12 6.253937511E-12 6.266133558E-12 6.374775391E-12 7.216830122E-12 6.37088553E-12 6.268934968E-12 6.263667259E-12 6.290941528E-12 6.248215815E-12 6.233643775E-12 6.27892869E-12 6.225796558E-12 6.276640478E-12 6.263790185E-12 6.261054176E-12 6.268780635E-12 6.257833881E-12 6.255032524E-12 6.238244699E-12 6.241994282E-12 6.259401583E-12 6.218601573E-12 6.208432215E-12 6.238475327E-12 6.273906663E-12 
0 0 0 0 7.585444898E-12 6.350310326E-12 6.297300351E-12 6.29410505E-12 6.291682449E-12 6.323216756E-12 6.405376934E-12 7.269000093E-12 6.397340832E-12 6.316050931E-12 6.336696638E-12 6.28834467E-12 6.270149025E-12 6.310392395E-12 6.259949957E-12 6.318398686E-12 6.301434332E-12 6.299272897E-12 6.308641151E-12 6.296924219E-12 6.293402707E-12 6.277476678E-12 6.285208351E-12 6.299162723E-12 6.259332308E-12 6.250931663E-12 6.281722187E-12 6.318894941E-12 
0 0 0 0 0 7.567718986E-12 6.312263435E-12 6.285688467E-12 6.270454367E-12 6.294231475E-12 6.296432778E-12 6.409960055E-12 7.197763408E-12 6.386733814E-12 6.332908455E-12 6.277933015E-12 6.254604404E-12 6.293099233E-12 6.240470595E-12 6.29927582E-12 6.296242822E-12 6.290182077E-12 6.299082413E-12 6.28203369E-12 6.276408845E-12 6.260325769E-12 6.269239525E-12 6.285431488E-12 6.245967448E-12 6.234289176E-12 6.265180265E-12 6.300576349E-12 
0 0 0 0 0 0 7.500465024E-12 6.294004277E-12 6.234211304E-12 6.259401315E-12 6.249711799E-12 6.265949372E-12 6.363043483E-12 7.113001727E-12 6.388876563E-12 6.251660695E-12 6.213794022E-12 6.254926122E-12 6.200554252E-12 6.257781537E-12 6.253404832E-12 6.260448366E-12 6.266406526E-12 6.249360429E-12 6.240117028E-12 6.224811618E-12 6.23475873E-12 6.249734577E-12 6.210830685E-12 6.198166264E-12 6.232705915E-12 6.27006264E-12 
0 0 0 0 0 0 0 7.69352426E-12 6.27433958E-12 6.295567613E-12 6.285749494E-12 6.294925989E-12 6.300070306E-12 6.399327086E-12 7.332016116E-12 6.396661307E-12 6.256470432E-12 6.297202663E-12 6.243242961E-12 6.29992654E-12 6.290885909E-12 6.295229431E-12 6.318426011E-12 6.29636732E-12 6.282330381E-12 6.267524676E-12 6.27663219E-12 6.289078712E-12 6.248748922E-12 6.238433352E-12 6.271264173E-12 6.311612969E-12 
0 0 0 0 0 0 0 0 6.275963333E-12 6.301568357E-12 6.288682564E-12 6.297363344E-12 6.295710817E-12 6.313796237E-12 6.462691492E-12 7.269623701E-12 6.263748106E-12 6.302138097E-12 6.249195668E-12 6.304882167E-12 6.295959756E-12 6.299020849E-12 6.317663102E-12 6.320349149E-12 6.282030139E-12 6.267761673E-12 6.278298305E-12 6.292252743E-12 6.253796591E-12 6.24335491E-12 6.275262317E-12 6.319475058E-12 
0 0 0 0 0 0 0 0 0 7.545683871E-12 6.306032328E-12 6.288413025E-12 6.278095316E-12 6.283038739E-12 6.314774035E-12 6.272654775E-12 7.290638468E-12 6.417243558E-12 6.254647914E-12 6.297335694E-12 6.283914416E-12 6.282880945E-12 6.290202928E-12 6.278886457E-12 6.30835085E-12 6.274569241E-12 6.275635537E-12 6.287078129E-12 6.244372294E-12 6.233466968E-12 6.264739601E-12 6.300990085E-12 
0 0 0 0 0 0 0 0 0 0 7.594495206E-12 6.312073422E-12 6.283189593E-12 6.285466762E-12 6.314330852E-12 6.270625976E-12 6.36398601E-12 7.218582636E-12 6.34178694E-12 6.307481906E-12 6.287224035E-12 6.285598586E-12 6.292358561E-12 6.280552575E-12 6.289222311E-12 6.274826754E-12 6.277722969E-12 6.28962099E-12 6.244713215E-12 6.235237822E-12 6.266440212E-12 6.30038806E-12 
0 0 0 0 0 0 0 0 0 0 0 7.388958569E-12 6.325677137E-12 6.312077151E-12 6.336644762E-12 6.295089821E-12 6.293341734E-12 6.43043227E-12 7.125801822E-12 6.422444819E-12 6.318657531E-12 6.309362993E-12 6.315057705E-12 6.300117071E-12 6.303889691E-12 6.289729878E-12 6.303048317E-12 6.311896413E-12 6.27026136E-12 6.256195189E-12 6.287326644E-12 6.322132702E-12 
0 0 0 0 0 0 0 0 0 0 0 0 7.47031161E-12 6.318566178E-12 6.327335862E-12 6.280167964E-12 6.264052341E-12 6.313002517E-12 6.348868485E-12 7.186134697E-12 6.406065185E-12 6.303726455E-12 6.303367608E-12 6.284270329E-12 6.28394185E-12 6.268965343E-12 6.280303715E-12 6.299157285E-12 6.253308729E-12 6.237448909E-12 6.26805341E-12 6.306733284E-12 
0 0 0 0 0 0 0 0 0 0 0 0 0 7.489373577E-12 6.336183419E-12 6.264624992E-12 6.240376814E-12 6.280973874E-12 6.237027592E-12 6.381529767E-12 7.199917735E-12 6.38056609E-12 6.296400084E-12 6.275370922E-12 6.267513322E-12 6.253027362E-12 6.264421705E-12 6.282220567E-12 6.246713215E-12 6.230965609E-12 6.259442524E-12 6.292883943E-12 
0 0 0 0 0 0 0 0 0 0 0 0 0 0 7.514222197E-12 6.289060876E-12 6.242730949E-12 6.282686106E-12 6.23085295E-12 6.295950866E-12 6.376676539E-12 7.202893363E-12 6.452431859E-12 6.285713116E-12 6.266302005E-12 6.249853703E-12 6.258935119E-12 6.277701706E-12 6.240309505E-12 6.23429628E-12 6.263236317E-12 6.297739334E-12 
0 0 0 0 0 0 0 0 0 0 0 0 0 0 0 7.661109687E-12 6.263082007E-12 6.301704567E-12 6.249136151E-12 6.309785429E-12 6.317713664E-12 6.588817261E-12 1.441296303E-11 6.585342844E-12 6.28631909E-12 6.272622198E-12 6.280220893E-12 6.298621857E-12 6.263019666E-12 6.2660993E-12 6.309745712E-12 6.338336091E-12 
0 0 0 0 0 0 0 0 0 0 0 0 0 0 0 0 6.264415501E-12 6.302675037E-12 6.249379383E-12 6.307371833E-12 6.300037845E-12 6.312083841E-12 6.476877527E-12 7.291557153E-12 6.290152722E-12 6.272723656E-12 6.281085668E-12 6.29755495E-12 6.261122061E-12 6.252836539E-12 6.28973722E-12 6.346425148E-12 
0 0 0 0 0 0 0 0 0 0 0 0 0 0 0 0 0 7.540357673E-12 6.26537823E-12 6.297973427E-12 6.282288596E-12 6.280477352E-12 6.288961416E-12 6.275753708E-12 7.294583229E-12 6.384049957E-12 6.286594805E-12 6.290253905E-12 6.244222837E-12 6.23201693E-12 6.261580754E-12 6.298540559E-12 
0 0 0 0 0 0 0 0 0 0 0 0 0 0 0 0 0 0 7.541004668E-12 6.356181276E-12 6.324168735E-12 6.319237834E-12 6.329421833E-12 6.318026671E-12 6.430969663E-12 7.1547383E-12 6.413807757E-12 6.337266353E-12 6.28665677E-12 6.270444444E-12 6.298775312E-12 6.337304733E-12 
0 0 0 0 0 0 0 0 0 0 0 0 0 0 0 0 0 0 0 7.424068803E-12 6.306590388E-12 6.287614955E-12 6.290867299E-12 6.279145792E-12 6.293213229E-12 6.380251778E-12 7.182820894E-12 6.397441397E-12 6.257008076E-12 6.236066734E-12 6.263792741E-12 6.300494844E-12 
0 0 0 0 0 0 0 0 0 0 0 0 0 0 0 0 0 0 0 0 7.535017247E-12 6.257905159E-12 6.246115605E-12 6.232695621E-12 6.231498026E-12 6.226946893E-12 6.326697554E-12 7.177902181E-12 6.296247703E-12 6.195865051E-12 6.216352334E-12 6.24953418E-12 
0 0 0 0 0 0 0 0 0 0 0 0 0 0 0 0 0 0 0 0 0 7.411898684E-12 6.316510496E-12 6.288562812E-12 6.281411701E-12 6.268236469E-12 6.289500863E-12 6.402786787E-12 7.12876235E-12 6.350411255E-12 6.283697909E-12 6.310082093E-12 
0 0 0 0 0 0 0 0 0 0 0 0 0 0 0 0 0 0 0 0 0 0 7.404658977E-12 6.298164745E-12 6.268139561E-12 6.253391276E-12 6.265093699E-12 6.292220926E-12 6.346161108E-12 7.11703395E-12 6.367220599E-12 6.310935541E-12 
0 0 0 0 0 0 0 0 0 0 0 0 0 0 0 0 0 0 0 0 0 0 0 7.464821873E-12 6.301918142E-12 6.286163176E-12 6.294391779E-12 6.313310566E-12 6.280739001E-12 6.360501271E-12 7.1593057E-12 6.435414294E-12 
0 0 0 0 0 0 0 0 0 0 0 0 0 0 0 0 0 0 0 0 0 0 0 0 6.266428907E-12 6.25233903E-12 6.260144825E-12 6.273843287E-12 6.238484427E-12 6.242326648E-12 6.381536934E-12 7.421241672E-12 
0 0 0 0 0 0 0 0 0 0 0 0 0 0 0 0 0 0 0 0 0 0 0 0 0 7.5254159E-12 6.29518787E-12 6.277291633E-12 6.226859116E-12 6.213607331E-12 6.242711834E-12 6.277494359E-12 
0 0 0 0 0 0 0 0 0 0 0 0 0 0 0 0 0 0 0 0 0 0 0 0 0 0 7.520612679E-12 6.311764209E-12 6.238555303E-12 6.219561001E-12 6.248073697E-12 6.282206203E-12 
0 0 0 0 0 0 0 0 0 0 0 0 0 0 0 0 0 0 0 0 0 0 0 0 0 0 0 7.643799731E-12 6.240518904E-12 6.198581035E-12 6.221751789E-12 6.254629701E-12 
0 0 0 0 0 0 0 0 0 0 0 0 0 0 0 0 0 0 0 0 0 0 0 0 0 0 0 0 7.476116698E-12 6.260204065E-12 6.262138806E-12 6.292348383E-12 
0 0 0 0 0 0 0 0 0 0 0 0 0 0 0 0 0 0 0 0 0 0 0 0 0 0 0 0 0 7.534107666E-12 6.268672368E-12 6.279066688E-12 
0 0 0 0 0 0 0 0 0 0 0 0 0 0 0 0 0 0 0 0 0 0 0 0 0 0 0 0 0 0 7.450778156E-12 6.308990843E-12 
0 0 0 0 0 0 0 0 0 0 0 0 0 0 0 0 0 0 0 0 0 0 0 0 0 0 0 0 0 0 0 7.716340508E-12 
0 0 0 0 0 0 0 0 0 0 0 0 0 0 0 0 0 0 0 0 0 0 0 0 0 0 0 0 0 0 0 0 
