32 32
0 7.624009979E-12 6.31544702E-12 6.286108827E-12 6.268227429E-12 6.28862935E-12 6.266478762E-12 6.267027418E-12 7.273358687E-12 6.416677637E-12 6.295219446E-12 6.287428726E-12 6.27909953E-12 6.282558756E-12 6.309222816E-12 6.266605343E-12 6.282831671E-12 6.300258122E-12 6.242946508E-12 6.291847869E-12 6.277837427E-12 6.277963668E-12 6.284915316E-12 6.274108561E-12 6.283720416E-12 6.260660888E-12 6.269645773E-12 6.281753355E-12 6.239995705E-12 6.230312977E-12 6.259318299E-12 6.296475975E-12 
0 0 7.637653086E-12 6.344939333E-12 6.303908029E-12 6.321165001E-12 6.298021747E-12 6.298032259E-12 6.409553353E-12 7.181218143E-12 6.424103512E-12 6.326243635E-12 6.308625523E-12 6.312219904E-12 6.339294343E-12 6.297321946E-12 6.288921061E-12 6.331902132E-12 6.274400942E-12 6.322590163E-12 6.310496473E-12 6.310504215E-12 6.318529868E-12 6.307086874E-12 6.30716017E-12 6.290481548E-12 6.298153466E-12 6.310875845E-12 6.270230721E-12 6.25885483E-12 6.289825332E-12 6.324528784E-12 
0 0 0 7.490982318E-12 6.288936522E-12 6.280503044E-12 6.253368304E-12 6.255448039E-12 6.265827859E-12 6.374513809E-12 7.218653118E-12 6.372147708E-12 6.273143113E-12 6.268288788E-12 6.294067545E-12 6.253108458E-12 6.238968969E-12 6.278915465E-12 6.229258736E-12 6.275825795E-12 6.263023605E-12 6.261859383E-12 6.27029948E-12 6.257844703E-12 6.255531648E-12 6.239153992E-12 6.247207871E-12 6.261643872E-12 6.221077877E-12 6.211379568E-12 6.242112984E-12 6.277685054E-12 
0 0 0 0 7.588147568E-12 6.352195594E-12 6.298480418E-12 6.295384862E-12 6.292264789E-12 6.32307538E-12 6.408324347E-12 7.268917696E-12 6.394002654E-12 6.316149265E-12 6.338462052E-12 6.291388502E-12 6.272644387E-12 6.313695761E-12 6.260982828E-12 6.318492792E-12 6.303671548E-12 6.300569729E-12 6.308542072E-12 6.297422929E-12 6.292796501E-12 6.277191221E-12 6.288743513E-12 6.302615308E-12 6.261273108E-12 6.250731831E-12 6.280905906E-12 6.317330328E-12 
0 0 0 0 0 7.569788239E-12 6.316098985E-12 6.289111487E-12 6.270112158E-12 6.295982999E-12 6.294575484E-12 6.408382406E-12 7.198816895E-12 6.388192321E-12 6.329997682E-12 6.278426968E-12 6.252779508E-12 6.291983888E-12 6.241029332E-12 6.299713663E-12 6.293912163E-12 6.288291571E-12 6.294742069E-12 6.281951846E-12 6.276652424E-12 6.261582045E-12 6.270208921E-12 6.285843584E-12 6.245576005E-12 6.236596957E-12 6.264529861E-12 6.301435752E-12 
0 0 0 0 0 0 7.502290756E-12 6.294181322E-12 6.234754221E-12 6.256395667E-12 6.247360212E-12 6.263539575E-12 6.359278141E-12 7.115015069E-12 6.391387722E-12 6.259757546E-12 6.219944129E-12 6.257754756E-12 6.202975235E-12 6.258320418E-12 6.251463956E-12 6.256286884E-12 6.26060753E-12 6.246178755E-12 6.239999763E-12 6.225378399E-12 6.234985155E-12 6.25125388E-12 6.210923895E-12 6.203033795E-12 6.233519315E-12 6.270748756E-12 
0 0 0 0 0 0 0 7.692920001E-12 6.27473446E-12 6.299027515E-12 6.287523418E-12 6.297366971E-12 6.301954482E-12 6.404713805E-12 7.333448951E-12 6.402923515E-12 6.259149019E-12 6.298295557E-12 6.24481725E-12 6.301581679E-12 6.293450392E-12 6.298750789E-12 6.31376828E-12 6.300023559E-12 6.285963618E-12 6.270462039E-12 6.276523963E-12 6.291675652E-12 6.251966403E-12 6.244012613E-12 6.276097893E-12 6.313321389E-12 
0 0 0 0 0 0 0 0 6.280370775E-12 6.30141117E-12 6.289352338E-12 6.296327649E-12 6.295339981E-12 6.314892139E-12 6.457513692E-12 7.273215895E-12 6.263671861E-12 6.300897811E-12 6.249817294E-12 6.306037056E-12 6.296273659E-12 6.299111012E-12 6.318256136E-12 6.325350886E-12 6.288863279E-12 6.272435331E-12 6.27966359E-12 6.295055404E-12 6.256898752E-12 6.248936325E-12 6.281082678E-12 6.325727879E-12 
0 0 0 0 0 0 0 0 0 7.551899894E-12 6.311960182E-12 6.295624771E-12 6.282799222E-12 6.286173395E-12 6.314300647E-12 6.2727031E-12 7.291235621E-12 6.418244882E-12 6.258694464E-12 6.29961283E-12 6.28144302E-12 6.282231987E-12 6.293149994E-12 6.281150185E-12 6.309261762E-12 6.275794356E-12 6.277399746E-12 6.290094898E-12 6.246365516E-12 6.234576991E-12 6.266516866E-12 6.301280302E-12 
0 0 0 0 0 0 0 0 0 0 7.597549589E-12 6.315294413E-12 6.284667464E-12 6.287026944E-12 6.315248319E-12 6.271668746E-12 6.363135678E-12 7.217304789E-12 6.346651274E-12 6.307739423E-12 6.287214945E-12 6.286747093E-12 6.294043569E-12 6.283030604E-12 6.287163757E-12 6.273466608E-12 6.281137683E-12 6.289275075E-12 6.245921386E-12 6.237278493E-12 6.266108151E-12 6.302406793E-12 
0 0 0 0 0 0 0 0 0 0 0 7.390015492E-12 6.327632696E-12 6.313602372E-12 6.33861715E-12 6.295413128E-12 6.293122954E-12 6.42846213E-12 7.129647257E-12 6.420307475E-12 6.318246642E-12 6.309579735E-12 6.315186159E-12 6.300776664E-12 6.305182536E-12 6.29235111E-12 6.313049394E-12 6.312259874E-12 6.271197556E-12 6.260003733E-12 6.286411991E-12 6.322338561E-12 
0 0 0 0 0 0 0 0 0 0 0 0 7.471085287E-12 6.320668217E-12 6.327834768E-12 6.283917475E-12 6.263575637E-12 6.309432361E-12 6.354462728E-12 7.185671888E-12 6.406261697E-12 6.305283981E-12 6.30458798E-12 6.28866647E-12 6.287081046E-12 6.272717139E-12 6.287915703E-12 6.305484009E-12 6.258300646E-12 6.244260837E-12 6.275277992E-12 6.311698674E-12 
0 0 0 0 0 0 0 0 0 0 0 0 0 7.496545409E-12 6.331956004E-12 6.270921106E-12 6.244378357E-12 6.286249927E-12 6.242951273E-12 6.381150724E-12 7.19989439E-12 6.381921731E-12 6.298684832E-12 6.276973561E-12 6.26955309E-12 6.253398837E-12 6.262212995E-12 6.280929925E-12 6.246094576E-12 6.23350709E-12 6.261995403E-12 6.295083675E-12 
0 0 0 0 0 0 0 0 0 0 0 0 0 0 7.462448027E-12 6.29293483E-12 6.241815445E-12 6.282805362E-12 6.231323149E-12 6.296677573E-12 6.378633394E-12 7.218660647E-12 6.393303017E-12 6.287588896E-12 6.266156557E-12 6.250483825E-12 6.260284191E-12 6.276544681E-12 6.23940382E-12 6.235877616E-12 6.262400869E-12 6.29798361E-12 
0 0 0 0 0 0 0 0 0 0 0 0 0 0 0 7.610637711E-12 6.261750529E-12 6.302881197E-12 6.247206895E-12 6.305538149E-12 6.305202576E-12 6.399799368E-12 7.17079343E-12 6.401646903E-12 6.283517349E-12 6.270387917E-12 6.280314724E-12 6.295577346E-12 6.256899989E-12 6.251973759E-12 6.289893551E-12 6.324107672E-12 
0 0 0 0 0 0 0 0 0 0 0 0 0 0 0 0 6.266300231E-12 6.30505418E-12 6.25189424E-12 6.308363184E-12 6.301420402E-12 6.315170232E-12 6.432367275E-12 7.306313068E-12 6.292439665E-12 6.27521585E-12 6.28442434E-12 6.299113016E-12 6.261723688E-12 6.254673317E-12 6.292258814E-12 6.351950643E-12 
0 0 0 0 0 0 0 0 0 0 0 0 0 0 0 0 0 7.543481066E-12 6.279242865E-12 6.300039167E-12 6.286806717E-12 6.284570766E-12 6.293072826E-12 6.280865544E-12 7.300482217E-12 6.387522635E-12 6.292106359E-12 6.292801431E-12 6.246938643E-12 6.236225688E-12 6.265656491E-12 6.301825628E-12 
0 0 0 0 0 0 0 0 0 0 0 0 0 0 0 0 0 0 7.583385692E-12 6.356546893E-12 6.327362054E-12 6.323788683E-12 6.330882264E-12 6.31785323E-12 6.429127249E-12 7.141450658E-12 6.471859161E-12 6.337981883E-12 6.287935689E-12 6.275313269E-12 6.30342816E-12 6.341728799E-12 
0 0 0 0 0 0 0 0 0 0 0 0 0 0 0 0 0 0 0 7.46658962E-12 6.315412023E-12 6.288838306E-12 6.294508488E-12 6.279414691E-12 6.312036412E-12 6.570643905E-12 1.436138272E-11 6.579444548E-12 6.272812506E-12 6.241971101E-12 6.263517298E-12 6.298926402E-12 
0 0 0 0 0 0 0 0 0 0 0 0 0 0 0 0 0 0 0 0 7.53453748E-12 6.255254641E-12 6.245837184E-12 6.2291979E-12 6.227744416E-12 6.22479876E-12 6.380892687E-12 7.167646556E-12 6.299602675E-12 6.195798724E-12 6.215713831E-12 6.250790466E-12 
0 0 0 0 0 0 0 0 0 0 0 0 0 0 0 0 0 0 0 0 0 7.414930552E-12 6.326703037E-12 6.293107907E-12 6.283738481E-12 6.269748521E-12 6.29181701E-12 6.404983316E-12 7.131450497E-12 6.351673074E-12 6.286268676E-12 6.310481772E-12 
0 0 0 0 0 0 0 0 0 0 0 0 0 0 0 0 0 0 0 0 0 0 7.496415454E-12 6.303024638E-12 6.266797368E-12 6.25098742E-12 6.264174144E-12 6.290968601E-12 6.344224386E-12 7.118609401E-12 6.368980559E-12 6.311991495E-12 
0 0 0 0 0 0 0 0 0 0 0 0 0 0 0 0 0 0 0 0 0 0 0 7.551100502E-12 6.30468035E-12 6.287366083E-12 6.296901654E-12 6.312672218E-12 6.285782995E-12 6.368466266E-12 7.172655848E-12 6.444203855E-12 
0 0 0 0 0 0 0 0 0 0 0 0 0 0 0 0 0 0 0 0 0 0 0 0 6.266725207E-12 6.248463905E-12 6.260270298E-12 6.276953153E-12 6.242297241E-12 6.2449984E-12 6.386096069E-12 7.425569869E-12 
0 0 0 0 0 0 0 0 0 0 0 0 0 0 0 0 0 0 0 0 0 0 0 0 0 7.526357236E-12 6.292854039E-12 6.277957624E-12 6.22712033E-12 6.214132674E-12 6.24516196E-12 6.279899441E-12 
0 0 0 0 0 0 0 0 0 0 0 0 0 0 0 0 0 0 0 0 0 0 0 0 0 0 7.431302632E-12 6.303333589E-12 6.232932501E-12 6.215754722E-12 6.245644807E-12 6.27949891E-12 
0 0 0 0 0 0 0 0 0 0 0 0 0 0 0 0 0 0 0 0 0 0 0 0 0 0 0 7.55277953E-12 6.234010478E-12 6.196613165E-12 6.219725651E-12 6.252556706E-12 
0 0 0 0 0 0 0 0 0 0 0 0 0 0 0 0 0 0 0 0 0 0 0 0 0 0 0 0 7.475720433E-12 6.26161439E-12 6.262564699E-12 6.293247456E-12 
0 0 0 0 0 0 0 0 0 0 0 0 0 0 0 0 0 0 0 0 0 0 0 0 0 0 0 0 0 7.540217474E-12 6.275616143E-12 6.283087808E-12 
0 0 0 0 0 0 0 0 0 0 0 0 0 0 0 0 0 0 0 0 0 0 0 0 0 0 0 0 0 0 7.455788731E-12 6.312033669E-12 
0 0 0 0 0 0 0 0 0 0 0 0 0 0 0 0 0 0 0 0 0 0 0 0 0 0 0 0 0 0 0 7.719555285E-12 
0 0 0 0 0 0 0 0 0 0 0 0 0 0 0 0 0 0 0 0 0 0 0 0 0 0 0 0 0 0 0 0 
