32 32
0 7.622290673E-12 6.323355304E-12 6.284324461E-12 6.268312819E-12 6.290019216E-12 6.26826596E-12 6.268401977E-12 7.276972389E-12 6.415262317E-12 6.298008699E-12 6.285708661E-12 6.276318072E-12 6.282736575E-12 6.309667161E-12 6.264440261E-12 6.279046049E-12 6.296376106E-12 6.237819684E-12 6.291696959E-12 6.278825571E-12 6.278319059E-12 6.287824655E-12 6.276626432E-12 6.283824891E-12 6.260260305E-12 6.269717079E-12 6.281441233E-12 6.239155668E-12 6.229440067E-12 6.260740833E-12 6.299231608E-12 
0 0 7.662421174E-12 6.339960947E-12 6.30422861E-12 6.322115038E-12 6.298404278E-12 6.298770008E-12 6.405690856E-12 7.16455407E-12 6.496481142E-12 6.328681792E-12 6.309337253E-12 6.310305032E-12 6.338227842E-12 6.296282729E-12 6.288822568E-12 6.329743094E-12 6.270876002E-12 6.322069358E-12 6.309483385E-12 6.309681618E-12 6.318721884E-12 6.305412505E-12 6.308331274E-12 6.288816299E-12 6.296507828E-12 6.31159243E-12 6.270678872E-12 6.258378138E-12 6.290650999E-12 6.327711162E-12 
0 0 0 7.515234796E-12 6.296342385E-12 6.284111387E-12 6.256630715E-12 6.253398691E-12 6.28114842E-12 6.55704275E-12 1.491408796E-11 6.548788469E-12 6.281157406E-12 6.269361867E-12 6.295629263E-12 6.253375713E-12 6.242893806E-12 6.290841603E-12 6.248100907E-12 6.291370156E-12 6.268047014E-12 6.264685602E-12 6.271830482E-12 6.259198891E-12 6.259402235E-12 6.24284608E-12 6.254297358E-12 6.266556881E-12 6.225409592E-12 6.215181641E-12 6.244458395E-12 6.281525366E-12 
0 0 0 0 7.589457206E-12 6.353305389E-12 6.300594739E-12 6.296186892E-12 6.293809551E-12 6.321865504E-12 6.468789554E-12 7.255261967E-12 6.3956875E-12 6.315641194E-12 6.336281039E-12 6.292421699E-12 6.271393582E-12 6.311570558E-12 6.260947586E-12 6.320586045E-12 6.307048043E-12 6.303729748E-12 6.313042001E-12 6.298988696E-12 6.294905048E-12 6.280562546E-12 6.287434832E-12 6.302890426E-12 6.264796804E-12 6.252335629E-12 6.284887439E-12 6.31884371E-12 
0 0 0 0 0 7.568462106E-12 6.315504645E-12 6.293918114E-12 6.273603759E-12 6.29693147E-12 6.299663912E-12 6.408520001E-12 7.19941113E-12 6.387662623E-12 6.329948997E-12 6.280316955E-12 6.253693017E-12 6.293816556E-12 6.241408146E-12 6.300597055E-12 6.293533097E-12 6.287068903E-12 6.297621412E-12 6.284249203E-12 6.279215297E-12 6.260202274E-12 6.264695171E-12 6.285299963E-12 6.245792866E-12 6.232589189E-12 6.26270613E-12 6.302251282E-12 
0 0 0 0 0 0 7.502055386E-12 6.296544524E-12 6.235130076E-12 6.256852225E-12 6.252465565E-12 6.267797619E-12 6.363935592E-12 7.120026307E-12 6.393976247E-12 6.260130309E-12 6.220845268E-12 6.258757133E-12 6.205975308E-12 6.26121181E-12 6.257600068E-12 6.26332381E-12 6.265637372E-12 6.251498675E-12 6.243190746E-12 6.224961544E-12 6.234763159E-12 6.249899277E-12 6.21018099E-12 6.202666644E-12 6.23271584E-12 6.270806134E-12 
0 0 0 0 0 0 0 7.696716839E-12 6.275135182E-12 6.299152929E-12 6.289142331E-12 6.297467119E-12 6.301617094E-12 6.405986401E-12 7.335716459E-12 6.402048675E-12 6.261839963E-12 6.300338085E-12 6.244697266E-12 6.304345064E-12 6.293154811E-12 6.298895996E-12 6.315505566E-12 6.300505697E-12 6.285530225E-12 6.268952643E-12 6.279738926E-12 6.293073937E-12 6.254455375E-12 6.243873509E-12 6.278095435E-12 6.315579349E-12 
0 0 0 0 0 0 0 0 6.280935087E-12 6.302756046E-12 6.292946028E-12 6.300852238E-12 6.298989388E-12 6.315840794E-12 6.457470361E-12 7.273550718E-12 6.263746573E-12 6.304444804E-12 6.251030666E-12 6.304813674E-12 6.296908119E-12 6.300825587E-12 6.316873976E-12 6.326905156E-12 6.287062123E-12 6.273799626E-12 6.280535386E-12 6.294680712E-12 6.254286155E-12 6.247148324E-12 6.281551751E-12 6.325348227E-12 
0 0 0 0 0 0 0 0 0 7.551396215E-12 6.307384174E-12 6.293054034E-12 6.284831375E-12 6.286074484E-12 6.318559817E-12 6.273805006E-12 7.289915893E-12 6.416596971E-12 6.255064964E-12 6.297869672E-12 6.282708095E-12 6.281653851E-12 6.290919634E-12 6.280959573E-12 6.308093041E-12 6.274982269E-12 6.275080359E-12 6.28739734E-12 6.244650448E-12 6.236115737E-12 6.266247709E-12 6.300477312E-12 
0 0 0 0 0 0 0 0 0 0 7.519812346E-12 6.307443446E-12 6.285040718E-12 6.285897642E-12 6.313643226E-12 6.275889303E-12 6.365029687E-12 7.220534093E-12 6.341442769E-12 6.307962983E-12 6.285720335E-12 6.282704866E-12 6.289691086E-12 6.275186112E-12 6.287275949E-12 6.273093326E-12 6.276425223E-12 6.286634689E-12 6.24572713E-12 6.235505546E-12 6.265503445E-12 6.301968892E-12 
0 0 0 0 0 0 0 0 0 0 0 7.318068354E-12 6.327638289E-12 6.314819268E-12 6.339078398E-12 6.293805678E-12 6.289344609E-12 6.427502368E-12 7.11664411E-12 6.418885377E-12 6.319597762E-12 6.310626249E-12 6.315319289E-12 6.301829756E-12 6.30564271E-12 6.292537476E-12 6.306295514E-12 6.316862725E-12 6.270275697E-12 6.258465284E-12 6.287777094E-12 6.325858849E-12 
0 0 0 0 0 0 0 0 0 0 0 0 7.471818409E-12 6.320857706E-12 6.327427659E-12 6.280945249E-12 6.264696164E-12 6.312882661E-12 6.349545881E-12 7.187953889E-12 6.406692173E-12 6.304482387E-12 6.307476062E-12 6.290948659E-12 6.288252487E-12 6.274612839E-12 6.287233717E-12 6.305018397E-12 6.258827195E-12 6.243402398E-12 6.27643592E-12 6.309836383E-12 
0 0 0 0 0 0 0 0 0 0 0 0 0 7.495382743E-12 6.333121219E-12 6.270268935E-12 6.245535219E-12 6.285718758E-12 6.243066573E-12 6.3830839E-12 7.200628227E-12 6.383144896E-12 6.298995125E-12 6.27779338E-12 6.271066057E-12 6.255623721E-12 6.265425414E-12 6.286046184E-12 6.249697718E-12 6.232641345E-12 6.260489767E-12 6.295123859E-12 
0 0 0 0 0 0 0 0 0 0 0 0 0 0 7.463693657E-12 6.295934119E-12 6.244137185E-12 6.282780733E-12 6.231106363E-12 6.298210419E-12 6.37786976E-12 7.219170973E-12 6.393220483E-12 6.288443316E-12 6.264508264E-12 6.250690191E-12 6.259196001E-12 6.276905376E-12 6.242075797E-12 6.237149714E-12 6.262651618E-12 6.296513552E-12 
0 0 0 0 0 0 0 0 0 0 0 0 0 0 0 7.61002618E-12 6.262040244E-12 6.300787676E-12 6.246372111E-12 6.30612818E-12 6.30514773E-12 6.399886754E-12 7.174578091E-12 6.403834207E-12 6.287159098E-12 6.268056552E-12 6.250577721E-12 6.259811264E-12 6.222997793E-12 6.222165981E-12 6.241284011E-12 6.275717903E-12 
0 0 0 0 0 0 0 0 0 0 0 0 0 0 0 0 6.266807614E-12 6.307014441E-12 6.25416384E-12 6.312008793E-12 6.305049493E-12 6.316826763E-12 6.4377051E-12 7.310163292E-12 6.295158994E-12 6.277679367E-12 6.285493621E-12 6.300707221E-12 6.262385572E-12 6.257489787E-12 6.29541305E-12 6.354965907E-12 
0 0 0 0 0 0 0 0 0 0 0 0 0 0 0 0 0 7.547850679E-12 6.274950203E-12 6.30447176E-12 6.288982174E-12 6.288266862E-12 6.297256855E-12 6.284624962E-12 7.304288091E-12 6.392424615E-12 6.292771802E-12 6.297688492E-12 6.251213873E-12 6.238247285E-12 6.269895394E-12 6.306212666E-12 
0 0 0 0 0 0 0 0 0 0 0 0 0 0 0 0 0 0 7.547451964E-12 6.361086878E-12 6.329468271E-12 6.326837615E-12 6.333600995E-12 6.322132804E-12 6.433298332E-12 7.158874106E-12 6.416951765E-12 6.343098955E-12 6.288245012E-12 6.274203105E-12 6.302668878E-12 6.340231319E-12 
0 0 0 0 0 0 0 0 0 0 0 0 0 0 0 0 0 0 0 7.430251619E-12 6.310990457E-12 6.293392017E-12 6.296098607E-12 6.281693109E-12 6.298553624E-12 6.382083022E-12 7.188224847E-12 6.403027569E-12 6.2623906E-12 6.240203304E-12 6.271468748E-12 6.305573763E-12 
0 0 0 0 0 0 0 0 0 0 0 0 0 0 0 0 0 0 0 0 7.543332509E-12 6.261960341E-12 6.250578058E-12 6.233517015E-12 6.234699255E-12 6.229722485E-12 6.332882288E-12 7.18335748E-12 6.303289426E-12 6.200430358E-12 6.22309766E-12 6.256214833E-12 
0 0 0 0 0 0 0 0 0 0 0 0 0 0 0 0 0 0 0 0 0 7.420041197E-12 6.329374966E-12 6.294131035E-12 6.286836671E-12 6.276365421E-12 6.296143132E-12 6.410297692E-12 7.138605918E-12 6.357806775E-12 6.289052819E-12 6.314031297E-12 
0 0 0 0 0 0 0 0 0 0 0 0 0 0 0 0 0 0 0 0 0 0 7.502936671E-12 6.306710544E-12 6.273563397E-12 6.258060325E-12 6.269085585E-12 6.293601804E-12 6.351554631E-12 7.123557218E-12 6.371993787E-12 6.313848798E-12 
0 0 0 0 0 0 0 0 0 0 0 0 0 0 0 0 0 0 0 0 0 0 0 7.559182996E-12 6.30506983E-12 6.289344309E-12 6.296965852E-12 6.31579966E-12 6.286427288E-12 6.368399617E-12 7.173869365E-12 6.446336814E-12 
0 0 0 0 0 0 0 0 0 0 0 0 0 0 0 0 0 0 0 0 0 0 0 0 6.269806272E-12 6.25437466E-12 6.262418255E-12 6.275612028E-12 6.241679353E-12 6.243206676E-12 6.387029861E-12 7.429907337E-12 
0 0 0 0 0 0 0 0 0 0 0 0 0 0 0 0 0 0 0 0 0 0 0 0 0 7.528163345E-12 6.295690508E-12 6.279083807E-12 6.228217283E-12 6.214008963E-12 6.243737064E-12 6.282283994E-12 
0 0 0 0 0 0 0 0 0 0 0 0 0 0 0 0 0 0 0 0 0 0 0 0 0 0 7.525259291E-12 6.31636397E-12 6.242103129E-12 6.226376951E-12 6.253576292E-12 6.290593083E-12 
0 0 0 0 0 0 0 0 0 0 0 0 0 0 0 0 0 0 0 0 0 0 0 0 0 0 0 7.649942707E-12 6.246474553E-12 6.20484333E-12 6.228643488E-12 6.261701032E-12 
0 0 0 0 0 0 0 0 0 0 0 0 0 0 0 0 0 0 0 0 0 0 0 0 0 0 0 0 7.486901824E-12 6.267508304E-12 6.269181123E-12 6.29971398E-12 
0 0 0 0 0 0 0 0 0 0 0 0 0 0 0 0 0 0 0 0 0 0 0 0 0 0 0 0 0 7.542147371E-12 6.278761591E-12 6.287282678E-12 
0 0 0 0 0 0 0 0 0 0 0 0 0 0 0 0 0 0 0 0 0 0 0 0 0 0 0 0 0 0 7.46045755E-12 6.316156628E-12 
0 0 0 0 0 0 0 0 0 0 0 0 0 0 0 0 0 0 0 0 0 0 0 0 0 0 0 0 0 0 0 7.720662792E-12 
0 0 0 0 0 0 0 0 0 0 0 0 0 0 0 0 0 0 0 0 0 0 0 0 0 0 0 0 0 0 0 0 
