32 32
0 1.50909834E-11 6.30157407E-12 6.270710603E-12 6.256841056E-12 6.276659879E-12 6.251754575E-12 6.256832883E-12 1.358138875E-11 1.494734828E-11 6.292134968E-12 6.273746428E-12 6.264250555E-12 6.267181336E-12 6.295815128E-12 6.255376504E-12 6.275071801E-12 6.295216183E-12 6.229891002E-12 6.279859387E-12 6.267121745E-12 6.268447158E-12 6.276117104E-12 6.265979258E-12 6.272696599E-12 6.250850265E-12 6.255527726E-12 6.270411987E-12 6.228832735E-12 6.216797659E-12 6.246597117E-12 6.283224183E-12 
0 0 7.567814369E-12 6.325968882E-12 6.288967051E-12 6.305153602E-12 6.280662962E-12 6.282316153E-12 1.646056199E-11 2.194308201E-11 6.420629649E-12 6.315022165E-12 6.299051344E-12 6.300551312E-12 6.328741242E-12 6.282739755E-12 6.295465585E-12 6.332260109E-12 6.259830188E-12 6.311540146E-12 6.297332573E-12 6.295954156E-12 6.304901464E-12 6.293838533E-12 6.297741487E-12 6.279394103E-12 6.284794717E-12 6.299458357E-12 6.257621231E-12 6.2476739E-12 6.279277984E-12 6.312824475E-12 
0 0 0 7.451893338E-12 6.274720655E-12 6.267710433E-12 6.239842678E-12 6.240410636E-12 6.272317703E-12 6.378001233E-12 7.184046561E-12 6.358357672E-12 6.25973823E-12 6.253660024E-12 6.28032745E-12 6.237733437E-12 6.225861933E-12 6.26799765E-12 6.21720833E-12 6.26613819E-12 6.253375373E-12 6.250525744E-12 6.259594204E-12 6.24748666E-12 6.24425463E-12 6.231070794E-12 6.237074143E-12 6.25147265E-12 6.210138989E-12 6.200251012E-12 6.231200522E-12 6.26610381E-12 
0 0 0 0 7.553639476E-12 6.341453939E-12 6.287741976E-12 6.283997663E-12 6.280858079E-12 6.313668311E-12 6.395482129E-12 7.237912485E-12 6.3836697E-12 6.305740586E-12 6.323050089E-12 6.279870183E-12 6.25980682E-12 6.299932244E-12 6.247227943E-12 6.311236273E-12 6.295756767E-12 6.291819086E-12 6.299582132E-12 6.286585794E-12 6.282407785E-12 6.267437225E-12 6.27466669E-12 6.290705315E-12 6.250698527E-12 6.238750336E-12 6.269181638E-12 6.305520286E-12 
0 0 0 0 0 7.529115924E-12 6.303750032E-12 6.278480628E-12 6.259479668E-12 6.283308428E-12 6.281163148E-12 6.394102336E-12 7.168021216E-12 6.376142845E-12 6.317534701E-12 6.268546738E-12 6.243557399E-12 6.281434116E-12 6.230067075E-12 6.290334483E-12 6.285586776E-12 6.279763568E-12 6.28669686E-12 6.270874625E-12 6.265607029E-12 6.249500427E-12 6.259082037E-12 6.277250259E-12 6.234230015E-12 6.222196106E-12 6.254152177E-12 6.290634111E-12 
0 0 0 0 0 0 7.465384515E-12 6.282911933E-12 6.222066553E-12 6.244955134E-12 6.236469133E-12 6.251765082E-12 6.347663832E-12 7.08848054E-12 6.376810219E-12 6.24433467E-12 6.204879648E-12 6.245589992E-12 6.192645444E-12 6.250766027E-12 6.243893932E-12 6.250240103E-12 6.254560062E-12 6.241217523E-12 6.22991039E-12 6.214728367E-12 6.220983034E-12 6.239124145E-12 6.199085167E-12 6.190137129E-12 6.221799866E-12 6.256636005E-12 
0 0 0 0 0 0 0 7.651840447E-12 6.262079633E-12 6.283506058E-12 6.274834359E-12 6.284887997E-12 6.290415082E-12 6.391178253E-12 7.301932464E-12 6.388822052E-12 6.248168713E-12 6.286947076E-12 6.233342338E-12 6.288479538E-12 6.281385274E-12 6.285872974E-12 6.301512627E-12 6.287357366E-12 6.271394255E-12 6.255520656E-12 6.263089742E-12 6.278476817E-12 6.24051609E-12 6.232241376E-12 6.262300142E-12 6.300924789E-12 
0 0 0 0 0 0 0 0 6.266984683E-12 6.288994387E-12 6.277784936E-12 6.286604104E-12 6.284705269E-12 6.304114081E-12 6.44488534E-12 7.241616411E-12 6.251854358E-12 6.290116906E-12 6.238247963E-12 6.294304344E-12 6.283469516E-12 6.285946933E-12 6.302835046E-12 6.310200157E-12 6.273236279E-12 6.258612094E-12 6.266565519E-12 6.28327741E-12 6.242762939E-12 6.233475587E-12 6.268807641E-12 6.310705089E-12 
0 0 0 0 0 0 0 0 0 1.790447562E-11 6.308428666E-12 6.282307185E-12 6.269927164E-12 6.27212339E-12 6.303303881E-12 6.25967841E-12 7.231720203E-12 6.398427835E-12 6.242786625E-12 6.287694457E-12 6.272385563E-12 6.270471924E-12 6.281068118E-12 6.268463763E-12 6.293302207E-12 6.259601754E-12 6.263338909E-12 6.275671759E-12 6.233403314E-12 6.224093805E-12 6.253960139E-12 6.28917598E-12 
0 0 0 0 0 0 0 0 0 0 7.535163815E-12 6.2988024E-12 6.272320771E-12 6.276224782E-12 6.303479935E-12 6.257579353E-12 6.355086624E-12 7.176567925E-12 6.326121662E-12 6.29597082E-12 6.275474168E-12 6.271852985E-12 6.280235391E-12 6.267874614E-12 6.277237873E-12 6.261176303E-12 6.265926111E-12 6.277912047E-12 6.234714131E-12 6.222981217E-12 6.253163049E-12 6.2887327E-12 
0 0 0 0 0 0 0 0 0 0 0 7.35704163E-12 6.316280376E-12 6.302100315E-12 6.327645938E-12 6.283095875E-12 6.28260814E-12 6.419777968E-12 7.096861273E-12 6.410956073E-12 6.307614795E-12 6.2974407E-12 6.304174218E-12 6.289700352E-12 6.294023546E-12 6.279293078E-12 6.292123687E-12 6.302638383E-12 6.258276488E-12 6.246474761E-12 6.276296456E-12 6.311358442E-12 
0 0 0 0 0 0 0 0 0 0 0 0 7.438658193E-12 6.308862217E-12 6.316249135E-12 6.271450543E-12 6.254583435E-12 6.302178083E-12 6.340021234E-12 7.159859584E-12 6.394930397E-12 6.293544023E-12 6.292623677E-12 6.278043455E-12 6.27583625E-12 6.261916188E-12 6.273618531E-12 6.293227501E-12 6.247186436E-12 6.233974863E-12 6.263142742E-12 6.298547492E-12 
0 0 0 0 0 0 0 0 0 0 0 0 0 7.461408608E-12 6.320359086E-12 6.257881117E-12 6.233441122E-12 6.275064332E-12 6.227865872E-12 6.369654293E-12 7.170629899E-12 6.369147998E-12 6.287007197E-12 6.265414629E-12 6.258104053E-12 6.24298207E-12 6.252971386E-12 6.272325835E-12 6.235262999E-12 6.219654252E-12 6.247442783E-12 6.284059647E-12 
0 0 0 0 0 0 0 0 0 0 0 0 0 0 7.430051228E-12 6.282473607E-12 6.231359712E-12 6.270850808E-12 6.219127688E-12 6.285526314E-12 6.366234825E-12 7.189832782E-12 6.382269009E-12 6.276646406E-12 6.256517835E-12 6.240677148E-12 6.248431394E-12 6.265399061E-12 6.232055769E-12 6.226163515E-12 6.252541619E-12 6.287254837E-12 
0 0 0 0 0 0 0 0 0 0 0 0 0 0 0 7.573719033E-12 6.251440754E-12 6.290858519E-12 6.236457051E-12 6.296298276E-12 6.295141859E-12 6.390230349E-12 7.148256828E-12 6.394418072E-12 6.276951971E-12 6.260744203E-12 6.268643744E-12 6.285185127E-12 6.247689658E-12 6.241394866E-12 6.277613375E-12 6.312004913E-12 
0 0 0 0 0 0 0 0 0 0 0 0 0 0 0 0 6.251749153E-12 6.292301229E-12 6.238517994E-12 6.295098513E-12 6.288281139E-12 6.30301805E-12 6.418907642E-12 7.273627629E-12 6.277101144E-12 6.263170776E-12 6.271567049E-12 6.286257682E-12 6.249188054E-12 6.243719271E-12 6.280553953E-12 6.339560117E-12 
0 0 0 0 0 0 0 0 0 0 0 0 0 0 0 0 0 7.506527254E-12 6.257792058E-12 6.290950689E-12 6.274194137E-12 6.272640749E-12 6.280856954E-12 6.267563097E-12 7.264009744E-12 6.373676362E-12 6.27835565E-12 6.280746157E-12 6.235489443E-12 6.224240304E-12 6.253816656E-12 6.2902055E-12 
0 0 0 0 0 0 0 0 0 0 0 0 0 0 0 0 0 0 7.506972854E-12 6.346054591E-12 6.313946602E-12 6.313059379E-12 6.319923799E-12 6.306841438E-12 6.417713721E-12 7.125689708E-12 6.400915671E-12 6.328317111E-12 6.275287338E-12 6.263634182E-12 6.293546436E-12 6.328101839E-12 
0 0 0 0 0 0 0 0 0 0 0 0 0 0 0 0 0 0 0 7.392655079E-12 6.297794812E-12 6.276627449E-12 6.281791128E-12 6.267263627E-12 6.284569927E-12 6.367026133E-12 7.155269853E-12 6.386126592E-12 6.247664138E-12 6.224842478E-12 6.254145694E-12 6.290000535E-12 
0 0 0 0 0 0 0 0 0 0 0 0 0 0 0 0 0 0 0 0 7.500296372E-12 6.247287668E-12 6.234756747E-12 6.220940925E-12 6.222212676E-12 6.215499605E-12 6.315218617E-12 7.150083632E-12 6.287591558E-12 6.186879028E-12 6.206209048E-12 6.240677672E-12 
0 0 0 0 0 0 0 0 0 0 0 0 0 0 0 0 0 0 0 0 0 7.383578623E-12 6.312854938E-12 6.280798425E-12 6.271590596E-12 6.26073007E-12 6.279260012E-12 6.392176583E-12 7.104837108E-12 6.340510463E-12 6.275454374E-12 6.300394442E-12 
0 0 0 0 0 0 0 0 0 0 0 0 0 0 0 0 0 0 0 0 0 0 7.460529755E-12 6.292053841E-12 6.25680348E-12 6.24385998E-12 6.250380434E-12 6.278440392E-12 6.331809896E-12 7.08886906E-12 6.355047614E-12 6.298177706E-12 
0 0 0 0 0 0 0 0 0 0 0 0 0 0 0 0 0 0 0 0 0 0 0 7.517040617E-12 6.287875194E-12 6.274254653E-12 6.283833103E-12 6.304555282E-12 6.274655294E-12 6.355403511E-12 7.146137764E-12 6.432957922E-12 
0 0 0 0 0 0 0 0 0 0 0 0 0 0 0 0 0 0 0 0 0 0 0 0 6.25605597E-12 6.238936469E-12 6.248329467E-12 6.264722748E-12 6.229243773E-12 6.232721467E-12 6.373271612E-12 7.394438845E-12 
0 0 0 0 0 0 0 0 0 0 0 0 0 0 0 0 0 0 0 0 0 0 0 0 0 7.490861448E-12 6.286376802E-12 6.267437191E-12 6.217936189E-12 6.204198055E-12 6.232085816E-12 6.270054323E-12 
0 0 0 0 0 0 0 0 0 0 0 0 0 0 0 0 0 0 0 0 0 0 0 0 0 0 7.484460511E-12 6.301363386E-12 6.227098698E-12 6.209088769E-12 6.238098572E-12 6.272030088E-12 
0 0 0 0 0 0 0 0 0 0 0 0 0 0 0 0 0 0 0 0 0 0 0 0 0 0 0 7.603130376E-12 6.229314772E-12 6.188434067E-12 6.212684764E-12 6.247006606E-12 
0 0 0 0 0 0 0 0 0 0 0 0 0 0 0 0 0 0 0 0 0 0 0 0 0 0 0 0 7.44680077E-12 6.253418692E-12 6.253770183E-12 6.283472127E-12 
0 0 0 0 0 0 0 0 0 0 0 0 0 0 0 0 0 0 0 0 0 0 0 0 0 0 0 0 0 7.502651059E-12 6.263346872E-12 6.27249367E-12 
0 0 0 0 0 0 0 0 0 0 0 0 0 0 0 0 0 0 0 0 0 0 0 0 0 0 0 0 0 0 7.418439039E-12 6.300493312E-12 
0 0 0 0 0 0 0 0 0 0 0 0 0 0 0 0 0 0 0 0 0 0 0 0 0 0 0 0 0 0 0 7.678309095E-12 
0 0 0 0 0 0 0 0 0 0 0 0 0 0 0 0 0 0 0 0 0 0 0 0 0 0 0 0 0 0 0 0 
