32 32
0 7.58399614E-12 6.303601568E-12 6.274487838E-12 6.258783434E-12 6.279698943E-12 6.258784658E-12 6.259781636E-12 7.247306518E-12 6.408457041E-12 6.287171506E-12 6.28005585E-12 6.270761418E-12 6.271530554E-12 6.300394654E-12 6.259932644E-12 6.276099038E-12 6.293066358E-12 6.231409042E-12 6.284466245E-12 6.271472778E-12 6.274108038E-12 6.281527159E-12 6.267996359E-12 6.273149298E-12 6.252003284E-12 6.257226353E-12 6.27165614E-12 6.233199961E-12 6.220819026E-12 6.253492702E-12 6.288734452E-12 
0 0 7.600934429E-12 6.33555206E-12 6.296765616E-12 6.311128795E-12 6.287797616E-12 6.288389599E-12 6.397199044E-12 7.150624972E-12 6.414443638E-12 6.319390311E-12 6.301383554E-12 6.301875587E-12 6.332313079E-12 6.288097989E-12 6.284175257E-12 6.323750827E-12 6.262228648E-12 6.31472477E-12 6.300421915E-12 6.301207464E-12 6.310894022E-12 6.297966745E-12 6.297331585E-12 6.280899209E-12 6.286794627E-12 6.303532139E-12 6.261429491E-12 6.252025635E-12 6.281121339E-12 6.317891075E-12 
0 0 0 7.455383568E-12 6.278919157E-12 6.273014759E-12 6.242366803E-12 6.242742154E-12 6.256931396E-12 6.365193878E-12 7.189757282E-12 6.361109524E-12 6.262486056E-12 6.258835141E-12 6.284951629E-12 6.241466449E-12 6.227002018E-12 6.268519453E-12 6.21782753E-12 6.268250594E-12 6.254161126E-12 6.253865528E-12 6.262694529E-12 6.250613976E-12 6.250383795E-12 6.232701461E-12 6.239482966E-12 6.254827992E-12 6.212402586E-12 6.204578677E-12 6.232588327E-12 6.267266208E-12 
0 0 0 0 7.553172031E-12 6.340684519E-12 6.286502352E-12 6.28505448E-12 6.284811845E-12 6.316750204E-12 6.398319208E-12 7.245282103E-12 6.387674245E-12 6.307825709E-12 6.326620578E-12 6.282789548E-12 6.263436597E-12 6.304403578E-12 6.252736811E-12 6.31283045E-12 6.299208886E-12 6.295647941E-12 6.304565537E-12 6.290760003E-12 6.285881538E-12 6.268793998E-12 6.276559719E-12 6.291750484E-12 6.252039413E-12 6.24270894E-12 6.272481915E-12 6.307326447E-12 
0 0 0 0 0 7.535169463E-12 6.30561757E-12 6.283100464E-12 6.263123149E-12 6.286342676E-12 6.284189863E-12 6.394139455E-12 7.170060606E-12 6.376762034E-12 6.317399595E-12 6.27085401E-12 6.242690024E-12 6.282796366E-12 6.230579959E-12 6.289632997E-12 6.284058999E-12 6.279210302E-12 6.28512676E-12 6.273471377E-12 6.267112588E-12 6.252669436E-12 6.261034536E-12 6.275539112E-12 6.234269721E-12 6.22515056E-12 6.257503701E-12 6.294076712E-12 
0 0 0 0 0 0 7.465660822E-12 6.287481195E-12 6.225357188E-12 6.248734165E-12 6.241132558E-12 6.258546484E-12 6.351809772E-12 7.093897258E-12 6.378265602E-12 6.261829624E-12 6.208440547E-12 6.247917299E-12 6.19409386E-12 6.25512557E-12 6.247322342E-12 6.25268642E-12 6.258132984E-12 6.245270178E-12 6.233464324E-12 6.219276933E-12 6.226166332E-12 6.242074599E-12 6.202112526E-12 6.192291432E-12 6.223991201E-12 6.260924825E-12 
0 0 0 0 0 0 0 7.633453852E-12 6.267548992E-12 6.288328481E-12 6.279693767E-12 6.289210211E-12 6.291323453E-12 6.393038297E-12 7.262502016E-12 6.975556988E-12 6.251025662E-12 6.291079831E-12 6.235038293E-12 6.291579857E-12 6.283715394E-12 6.288286369E-12 6.302296005E-12 6.289390973E-12 6.273314864E-12 6.256558841E-12 6.266510202E-12 6.281635868E-12 6.241753838E-12 6.230934027E-12 6.26462786E-12 6.302010477E-12 
0 0 0 0 0 0 0 0 6.26760155E-12 6.288472162E-12 6.279301969E-12 6.288113905E-12 6.288393562E-12 6.31773515E-12 7.053014245E-12 4.902369297E-11 6.254431532E-12 6.295164882E-12 6.240196868E-12 6.29772008E-12 6.289856736E-12 6.299015261E-12 6.329069246E-12 6.374283403E-12 6.279428828E-12 6.26332677E-12 6.271481739E-12 6.286348789E-12 6.248080715E-12 6.241244096E-12 6.276570793E-12 6.322161625E-12 
0 0 0 0 0 0 0 0 0 7.513787012E-12 6.302822612E-12 6.284507947E-12 6.271589809E-12 6.276009161E-12 6.303916346E-12 6.260381146E-12 7.251287513E-12 6.40574511E-12 6.245195859E-12 6.290097859E-12 6.276529035E-12 6.274845384E-12 6.281686964E-12 6.27209016E-12 6.300866904E-12 6.268382616E-12 6.270597831E-12 6.280855982E-12 6.237947056E-12 6.226950658E-12 6.25786492E-12 6.294969036E-12 
0 0 0 0 0 0 0 0 0 0 7.561017009E-12 6.304228914E-12 6.275050906E-12 6.274814273E-12 6.30121208E-12 6.25800827E-12 6.352383998E-12 7.188904372E-12 6.333154177E-12 6.298899099E-12 6.27476279E-12 6.274303285E-12 6.281412937E-12 6.269291236E-12 6.277051677E-12 6.266923131E-12 6.268322644E-12 6.280129215E-12 6.233749481E-12 6.223543081E-12 6.255560362E-12 6.292443569E-12 
0 0 0 0 0 0 0 0 0 0 0 7.360125204E-12 6.317198459E-12 6.301543116E-12 6.329716532E-12 6.287373191E-12 6.284335889E-12 6.423079794E-12 7.100565235E-12 6.411536078E-12 6.309507116E-12 6.299341667E-12 6.307251307E-12 6.292617999E-12 6.296893299E-12 6.285171035E-12 6.298067035E-12 6.305024282E-12 6.261035725E-12 6.249644379E-12 6.27865943E-12 6.316273288E-12 
0 0 0 0 0 0 0 0 0 0 0 0 7.441531911E-12 6.310158664E-12 6.319089002E-12 6.272056659E-12 6.257343389E-12 6.306333863E-12 6.343462754E-12 7.163295464E-12 6.399117706E-12 6.297425857E-12 6.295781521E-12 6.280447274E-12 6.28101686E-12 6.266523572E-12 6.275950376E-12 6.296547137E-12 6.250129365E-12 6.236795124E-12 6.265046087E-12 6.300722035E-12 
0 0 0 0 0 0 0 0 0 0 0 0 0 7.46407195E-12 6.32219521E-12 6.26223414E-12 6.237625625E-12 6.277886255E-12 6.234705636E-12 6.376116399E-12 7.176337559E-12 6.372380494E-12 6.288924764E-12 6.269015412E-12 6.260507122E-12 6.246812157E-12 6.2580152E-12 6.274861771E-12 6.238321728E-12 6.223163341E-12 6.250670867E-12 6.285891084E-12 
0 0 0 0 0 0 0 0 0 0 0 0 0 0 7.428453061E-12 6.288323809E-12 6.233902964E-12 6.274595545E-12 6.220479625E-12 6.285229421E-12 6.368508544E-12 7.191351983E-12 6.382892445E-12 6.279694561E-12 6.258898437E-12 6.240913637E-12 6.249354098E-12 6.266939668E-12 6.23116966E-12 6.227602882E-12 6.253680666E-12 6.287024626E-12 
0 0 0 0 0 0 0 0 0 0 0 0 0 0 0 7.585678177E-12 6.252471582E-12 6.293263667E-12 6.239689461E-12 6.299137043E-12 6.297409931E-12 6.390391869E-12 7.141469314E-12 6.386682898E-12 6.279057517E-12 6.264214289E-12 6.271967549E-12 6.287116314E-12 6.251024363E-12 6.242901594E-12 6.279730707E-12 6.314343109E-12 
0 0 0 0 0 0 0 0 0 0 0 0 0 0 0 0 6.25721747E-12 6.295605731E-12 6.241529404E-12 6.299672358E-12 6.292337032E-12 6.304171676E-12 6.415173004E-12 7.254955958E-12 6.28114483E-12 6.266617832E-12 6.273701754E-12 6.289547864E-12 6.250695235E-12 6.244876572E-12 6.281820507E-12 6.339313222E-12 
0 0 0 0 0 0 0 0 0 0 0 0 0 0 0 0 0 7.510023496E-12 6.262584417E-12 6.293604095E-12 6.278514236E-12 6.276461919E-12 6.284350545E-12 6.272157299E-12 7.269476815E-12 6.378599647E-12 6.281368475E-12 6.28337088E-12 6.238569572E-12 6.225946262E-12 6.257068821E-12 6.291790136E-12 
0 0 0 0 0 0 0 0 0 0 0 0 0 0 0 0 0 0 7.507034185E-12 6.34784836E-12 6.315778632E-12 6.312321784E-12 6.319496739E-12 6.305513525E-12 6.415663545E-12 7.124388157E-12 6.398725157E-12 6.328385579E-12 6.27699143E-12 6.263208462E-12 6.294820011E-12 6.32893427E-12 
0 0 0 0 0 0 0 0 0 0 0 0 0 0 0 0 0 0 0 7.396135891E-12 6.298671307E-12 6.276805834E-12 6.281136871E-12 6.267814501E-12 6.283483042E-12 6.367566496E-12 7.155570392E-12 6.386253553E-12 6.246565866E-12 6.225670586E-12 6.254818117E-12 6.288969581E-12 
0 0 0 0 0 0 0 0 0 0 0 0 0 0 0 0 0 0 0 0 7.501782532E-12 6.247223875E-12 6.236597059E-12 6.220654273E-12 6.220244119E-12 6.214620819E-12 6.315637177E-12 7.152699065E-12 6.287235919E-12 6.189249654E-12 6.208485445E-12 6.242826187E-12 
0 0 0 0 0 0 0 0 0 0 0 0 0 0 0 0 0 0 0 0 0 7.384507787E-12 6.314231369E-12 6.281815302E-12 6.274084276E-12 6.261828623E-12 6.278993796E-12 6.395805546E-12 7.10764893E-12 6.34015593E-12 6.276185909E-12 6.302455765E-12 
0 0 0 0 0 0 0 0 0 0 0 0 0 0 0 0 0 0 0 0 0 0 7.46334665E-12 6.293371666E-12 6.259435389E-12 6.246170637E-12 6.256062735E-12 6.282934191E-12 6.336074076E-12 7.09412377E-12 6.359195331E-12 6.301403817E-12 
0 0 0 0 0 0 0 0 0 0 0 0 0 0 0 0 0 0 0 0 0 0 0 7.520098522E-12 6.29385624E-12 6.277216321E-12 6.287438291E-12 6.304456074E-12 6.274889573E-12 6.357789873E-12 7.148374709E-12 6.433949911E-12 
0 0 0 0 0 0 0 0 0 0 0 0 0 0 0 0 0 0 0 0 0 0 0 0 6.258229852E-12 6.243673705E-12 6.251119372E-12 6.266963862E-12 6.232762605E-12 6.23496572E-12 6.374202356E-12 7.39590662E-12 
0 0 0 0 0 0 0 0 0 0 0 0 0 0 0 0 0 0 0 0 0 0 0 0 0 7.491220221E-12 6.285002478E-12 6.267007492E-12 6.218837525E-12 6.205065876E-12 6.23449225E-12 6.270092688E-12 
0 0 0 0 0 0 0 0 0 0 0 0 0 0 0 0 0 0 0 0 0 0 0 0 0 0 7.488473293E-12 6.304401416E-12 6.230167399E-12 6.211608823E-12 6.240753214E-12 6.274751218E-12 
0 0 0 0 0 0 0 0 0 0 0 0 0 0 0 0 0 0 0 0 0 0 0 0 0 0 0 7.608249555E-12 6.232980964E-12 6.192387414E-12 6.216199991E-12 6.251835238E-12 
0 0 0 0 0 0 0 0 0 0 0 0 0 0 0 0 0 0 0 0 0 0 0 0 0 0 0 0 7.450531895E-12 6.257865684E-12 6.257427277E-12 6.284582242E-12 
0 0 0 0 0 0 0 0 0 0 0 0 0 0 0 0 0 0 0 0 0 0 0 0 0 0 0 0 0 7.504158234E-12 6.265877707E-12 6.27420215E-12 
0 0 0 0 0 0 0 0 0 0 0 0 0 0 0 0 0 0 0 0 0 0 0 0 0 0 0 0 0 0 7.422631286E-12 6.303363871E-12 
0 0 0 0 0 0 0 0 0 0 0 0 0 0 0 0 0 0 0 0 0 0 0 0 0 0 0 0 0 0 0 7.678975729E-12 
0 0 0 0 0 0 0 0 0 0 0 0 0 0 0 0 0 0 0 0 0 0 0 0 0 0 0 0 0 0 0 0 
