32 32
0 7.587192928E-12 6.308478262E-12 6.274310076E-12 6.259901568E-12 6.28025091E-12 6.259819477E-12 6.261958124E-12 7.246082555E-12 6.409057583E-12 6.288456816E-12 6.281193832E-12 6.27195338E-12 6.275016201E-12 6.303040025E-12 6.259550177E-12 6.27762799E-12 6.293628562E-12 6.232738233E-12 6.285385962E-12 6.272511307E-12 6.272445156E-12 6.28222959E-12 6.269392099E-12 6.277445038E-12 6.254881183E-12 6.259661765E-12 6.273267005E-12 6.233324845E-12 6.222813041E-12 6.255148595E-12 6.290094779E-12 
0 0 7.602288087E-12 6.334441545E-12 6.29788802E-12 6.312648832E-12 6.290213651E-12 6.291993222E-12 6.399023306E-12 7.151270356E-12 6.414154485E-12 6.317165646E-12 6.303474986E-12 6.303881205E-12 6.331161145E-12 6.289501459E-12 6.283167923E-12 6.322823623E-12 6.263082897E-12 6.31437662E-12 6.302476199E-12 6.302446688E-12 6.310920792E-12 6.298518379E-12 6.299300171E-12 6.282545348E-12 6.290505009E-12 6.305015772E-12 6.263846631E-12 6.25361474E-12 6.283491098E-12 6.319935257E-12 
0 0 0 7.455396188E-12 6.27698245E-12 6.270963331E-12 6.24440267E-12 6.244108458E-12 6.258083175E-12 6.363216377E-12 7.190213383E-12 6.35788433E-12 6.270461314E-12 6.254286673E-12 6.281483484E-12 6.238410554E-12 6.226069594E-12 6.26594499E-12 6.218153381E-12 6.265525285E-12 6.253486936E-12 6.25134062E-12 6.259145723E-12 6.245900095E-12 6.245555607E-12 6.231466539E-12 6.238605235E-12 6.253229172E-12 6.211272525E-12 6.198747036E-12 6.229365199E-12 6.268791008E-12 
0 0 0 0 7.459561696E-12 6.338176649E-12 6.287099568E-12 6.285834851E-12 6.280818316E-12 6.314487967E-12 6.398480364E-12 7.198644226E-12 6.597613982E-12 6.305740578E-12 6.325117707E-12 6.283209001E-12 6.263413645E-12 6.305517677E-12 6.253848927E-12 6.313110207E-12 6.337916385E-12 6.294765668E-12 6.301751303E-12 6.290202008E-12 6.287566976E-12 6.27125398E-12 6.281517737E-12 6.29561003E-12 6.254167386E-12 6.242447806E-12 6.273513037E-12 6.311653132E-12 
0 0 0 0 0 7.446932847E-12 6.307713734E-12 6.283502391E-12 6.265143161E-12 6.288680241E-12 6.288713167E-12 6.51245947E-12 1.588848737E-11 6.448692184E-12 6.323059117E-12 6.271152091E-12 6.245941505E-12 6.287599006E-12 6.235161089E-12 6.33761007E-12 7.659012783E-12 6.316538173E-12 6.291561724E-12 6.278952076E-12 6.270675708E-12 6.256580444E-12 6.264620226E-12 6.280318416E-12 6.239363981E-12 6.22960306E-12 6.260125824E-12 6.296612016E-12 
0 0 0 0 0 0 7.472910213E-12 6.288991182E-12 6.227532283E-12 6.252425104E-12 6.243105579E-12 6.259191455E-12 6.523328276E-12 7.065663489E-12 6.382681374E-12 6.251703757E-12 6.213215765E-12 6.253372501E-12 6.19666159E-12 6.256914563E-12 6.285403282E-12 6.253793338E-12 6.259523372E-12 6.244890131E-12 6.23559765E-12 6.219512569E-12 6.228201002E-12 6.243628594E-12 6.204191814E-12 6.194558882E-12 6.2249826E-12 6.262017106E-12 
0 0 0 0 0 0 0 7.660892111E-12 6.267546243E-12 6.291464723E-12 6.279490953E-12 6.287666556E-12 6.303361887E-12 6.394397163E-12 7.306593597E-12 6.393474928E-12 6.253041051E-12 6.291647796E-12 6.236103196E-12 6.295159403E-12 6.288314642E-12 6.291564949E-12 6.306060237E-12 6.293058942E-12 6.274962287E-12 6.263332879E-12 6.270046527E-12 6.283418619E-12 6.24472593E-12 6.235377905E-12 6.268187218E-12 6.306687717E-12 
0 0 0 0 0 0 0 0 6.269981032E-12 6.287610848E-12 6.278358085E-12 6.287895954E-12 6.292035917E-12 6.304563762E-12 6.444974732E-12 7.242785014E-12 6.252991248E-12 6.29575907E-12 6.239608249E-12 6.296412224E-12 6.288212101E-12 6.2907806E-12 6.308133781E-12 6.317239892E-12 6.279150317E-12 6.262410087E-12 6.272341149E-12 6.288479507E-12 6.248877851E-12 6.239708249E-12 6.274394703E-12 6.318278863E-12 
0 0 0 0 0 0 0 0 0 7.516961692E-12 6.304197427E-12 6.284987655E-12 6.276012214E-12 6.278606659E-12 6.306909769E-12 6.265314186E-12 7.253980243E-12 6.40598218E-12 6.249543324E-12 6.292883799E-12 6.275894397E-12 6.277925127E-12 6.286460956E-12 6.27556437E-12 6.302601648E-12 6.26953511E-12 6.271120263E-12 6.283464202E-12 6.239393203E-12 6.229427395E-12 6.261228271E-12 6.29420811E-12 
0 0 0 0 0 0 0 0 0 0 7.561011442E-12 6.303500951E-12 6.280733574E-12 6.276885717E-12 6.30746775E-12 6.265392088E-12 6.356713218E-12 7.192544152E-12 6.334597274E-12 6.300310388E-12 6.280484067E-12 6.278760716E-12 6.285807917E-12 6.273328286E-12 6.282245933E-12 6.26944145E-12 6.268199382E-12 6.278229325E-12 6.236733815E-12 6.225123125E-12 6.254363169E-12 6.293350253E-12 
0 0 0 0 0 0 0 0 0 0 0 7.353943649E-12 6.337943076E-12 6.305585467E-12 6.329976191E-12 6.288206726E-12 6.284364781E-12 6.422136225E-12 7.101145167E-12 6.410910446E-12 6.311164996E-12 6.300358175E-12 6.309065348E-12 6.292565947E-12 6.297259951E-12 6.283437558E-12 6.294168355E-12 6.302227962E-12 6.25896591E-12 6.249425845E-12 6.278959547E-12 6.313339442E-12 
0 0 0 0 0 0 0 0 0 0 0 0 8.165229294E-12 6.319174662E-12 6.318361343E-12 6.27343319E-12 6.257281212E-12 6.303181265E-12 6.338669268E-12 7.114703528E-12 6.550952055E-12 6.296380768E-12 6.296589272E-12 6.28225551E-12 6.278807591E-12 6.265683427E-12 6.27572112E-12 6.2959191E-12 6.249059441E-12 6.238435366E-12 6.267127418E-12 6.305404808E-12 
0 0 0 0 0 0 0 0 0 0 0 0 0 7.756647837E-12 6.337715112E-12 6.266797354E-12 6.238244229E-12 6.283198931E-12 6.246833182E-12 6.690125582E-12 1.884213724E-11 6.581823223E-12 6.299581973E-12 6.274814524E-12 6.262662425E-12 6.249181375E-12 6.25988137E-12 6.283022231E-12 6.249359361E-12 6.231890421E-12 6.254491434E-12 6.288566712E-12 
0 0 0 0 0 0 0 0 0 0 0 0 0 0 7.428983691E-12 6.282473166E-12 6.232385031E-12 6.273380019E-12 6.219898746E-12 6.288015167E-12 6.456817425E-12 7.164257849E-12 6.38085146E-12 6.277332052E-12 6.254274472E-12 6.239308448E-12 6.246318142E-12 6.26346395E-12 6.230714393E-12 6.225931756E-12 6.255784139E-12 6.289787671E-12 
0 0 0 0 0 0 0 0 0 0 0 0 0 0 0 7.577056815E-12 6.253291353E-12 6.293471841E-12 6.241535107E-12 6.300330718E-12 6.298992704E-12 6.392979397E-12 7.150468148E-12 6.395775405E-12 6.277143318E-12 6.266358449E-12 6.274711222E-12 6.289382327E-12 6.252118591E-12 6.244802778E-12 6.281954908E-12 6.316409709E-12 
0 0 0 0 0 0 0 0 0 0 0 0 0 0 0 0 6.259444192E-12 6.297551564E-12 6.244856213E-12 6.300859412E-12 6.294327815E-12 6.307653753E-12 6.423474326E-12 7.281612146E-12 6.28315794E-12 6.268241947E-12 6.278344084E-12 6.29081308E-12 6.255069363E-12 6.247467704E-12 6.284517876E-12 6.341058995E-12 
0 0 0 0 0 0 0 0 0 0 0 0 0 0 0 0 0 7.510042938E-12 6.262276455E-12 6.294546576E-12 6.279788908E-12 6.278330787E-12 6.287268453E-12 6.275021924E-12 7.269732203E-12 6.382105114E-12 6.284715029E-12 6.286104811E-12 6.241373992E-12 6.226168523E-12 6.258114091E-12 6.292314284E-12 
0 0 0 0 0 0 0 0 0 0 0 0 0 0 0 0 0 0 7.512178961E-12 6.349996224E-12 6.318739499E-12 6.316774578E-12 6.32270147E-12 6.309425568E-12 6.421242686E-12 7.130102587E-12 6.405165385E-12 6.332177512E-12 6.279302096E-12 6.265977442E-12 6.296555833E-12 6.331971818E-12 
0 0 0 0 0 0 0 0 0 0 0 0 0 0 0 0 0 0 0 7.395034632E-12 6.295560023E-12 6.280685065E-12 6.285510275E-12 6.27122247E-12 6.286635144E-12 6.368088775E-12 7.158648647E-12 6.390270425E-12 6.25031258E-12 6.230159111E-12 6.258894094E-12 6.293942268E-12 
0 0 0 0 0 0 0 0 0 0 0 0 0 0 0 0 0 0 0 0 7.357742275E-12 6.247828658E-12 6.238403271E-12 6.223446455E-12 6.22480496E-12 6.218483813E-12 6.316356152E-12 7.151872962E-12 6.289480377E-12 6.188090494E-12 6.211157879E-12 6.244143494E-12 
0 0 0 0 0 0 0 0 0 0 0 0 0 0 0 0 0 0 0 0 0 7.267318427E-12 6.311932397E-12 6.283742495E-12 6.276084745E-12 6.263485308E-12 6.280096793E-12 6.392223684E-12 7.104510015E-12 6.340891414E-12 6.275019029E-12 6.302892155E-12 
0 0 0 0 0 0 0 0 0 0 0 0 0 0 0 0 0 0 0 0 0 0 7.463698974E-12 6.29357186E-12 6.261650668E-12 6.248085936E-12 6.257611675E-12 6.283720369E-12 6.336728515E-12 7.0936106E-12 6.360029178E-12 6.303218202E-12 
0 0 0 0 0 0 0 0 0 0 0 0 0 0 0 0 0 0 0 0 0 0 0 7.524130744E-12 6.292785693E-12 6.27923535E-12 6.288151845E-12 6.305410322E-12 6.276086816E-12 6.360533161E-12 7.14892948E-12 6.436218755E-12 
0 0 0 0 0 0 0 0 0 0 0 0 0 0 0 0 0 0 0 0 0 0 0 0 6.260798975E-12 6.243134357E-12 6.254445305E-12 6.268780704E-12 6.234575327E-12 6.23498172E-12 6.377697918E-12 7.399166266E-12 
0 0 0 0 0 0 0 0 0 0 0 0 0 0 0 0 0 0 0 0 0 0 0 0 0 7.494965959E-12 6.288859363E-12 6.272141122E-12 6.221356908E-12 6.204731587E-12 6.235494384E-12 6.269143977E-12 
0 0 0 0 0 0 0 0 0 0 0 0 0 0 0 0 0 0 0 0 0 0 0 0 0 0 7.491442853E-12 6.306127891E-12 6.230225629E-12 6.21332021E-12 6.239883196E-12 6.277794061E-12 
0 0 0 0 0 0 0 0 0 0 0 0 0 0 0 0 0 0 0 0 0 0 0 0 0 0 0 7.609621832E-12 6.231398597E-12 6.192656603E-12 6.21481296E-12 6.248716467E-12 
0 0 0 0 0 0 0 0 0 0 0 0 0 0 0 0 0 0 0 0 0 0 0 0 0 0 0 0 7.450729593E-12 6.256729969E-12 6.256950753E-12 6.284115465E-12 
0 0 0 0 0 0 0 0 0 0 0 0 0 0 0 0 0 0 0 0 0 0 0 0 0 0 0 0 0 7.506023641E-12 6.268403164E-12 6.273084719E-12 
0 0 0 0 0 0 0 0 0 0 0 0 0 0 0 0 0 0 0 0 0 0 0 0 0 0 0 0 0 0 7.421777555E-12 6.303334316E-12 
0 0 0 0 0 0 0 0 0 0 0 0 0 0 0 0 0 0 0 0 0 0 0 0 0 0 0 0 0 0 0 7.6821632E-12 
0 0 0 0 0 0 0 0 0 0 0 0 0 0 0 0 0 0 0 0 0 0 0 0 0 0 0 0 0 0 0 0 
