32 32
0 7.589880954E-12 6.309032897E-12 6.279663362E-12 6.262916129E-12 6.281300364E-12 6.256936288E-12 6.260037442E-12 7.244104285E-12 6.406859122E-12 6.287874963E-12 6.281013728E-12 6.272413854E-12 6.276049584E-12 6.304767819E-12 6.261330996E-12 6.276398847E-12 6.293732622E-12 6.234645916E-12 6.285740394E-12 6.27398168E-12 6.273814461E-12 6.283879185E-12 6.271977439E-12 6.27768705E-12 6.256280695E-12 6.263772086E-12 6.274304399E-12 6.231701035E-12 6.221816395E-12 6.25639573E-12 6.291129389E-12 
0 0 7.603409477E-12 6.337245911E-12 6.298307014E-12 6.314609576E-12 6.292023918E-12 6.292918818E-12 6.401042779E-12 7.152824902E-12 6.414399358E-12 6.320697513E-12 6.302155449E-12 6.303803521E-12 6.334828241E-12 6.290285958E-12 6.284144965E-12 6.325453524E-12 6.265011195E-12 6.317975832E-12 6.301585954E-12 6.301484914E-12 6.309225733E-12 6.296780583E-12 6.296689844E-12 6.281217753E-12 6.287298361E-12 6.299071155E-12 6.26044862E-12 6.251914392E-12 6.283415042E-12 6.317134352E-12 
0 0 0 7.45657777E-12 6.279904013E-12 6.273772485E-12 6.244294909E-12 6.244290118E-12 6.259384751E-12 6.366106968E-12 7.190038601E-12 6.363550174E-12 6.265242653E-12 6.261631867E-12 6.284790194E-12 6.240425679E-12 6.224397684E-12 6.266222273E-12 6.215956595E-12 6.266468823E-12 6.254937571E-12 6.251032446E-12 6.258497456E-12 6.246011913E-12 6.245807322E-12 6.231474711E-12 6.23908031E-12 6.25258064E-12 6.210531297E-12 6.200674482E-12 6.23220855E-12 6.268935042E-12 
0 0 0 0 7.556529963E-12 6.344735234E-12 6.290064866E-12 6.286491689E-12 6.2830102E-12 6.313482447E-12 6.397737612E-12 7.245722538E-12 6.390857426E-12 6.310570689E-12 6.329544959E-12 6.284997335E-12 6.265338484E-12 6.307641762E-12 6.256172528E-12 6.315013098E-12 6.300059892E-12 6.298419453E-12 6.305953946E-12 6.292413976E-12 6.28744565E-12 6.271807878E-12 6.279054722E-12 6.294560441E-12 6.253446566E-12 6.243616408E-12 6.275327189E-12 6.311040435E-12 
0 0 0 0 0 7.537159953E-12 6.309111494E-12 6.282788085E-12 6.263453494E-12 6.287928553E-12 6.286955135E-12 6.4002961E-12 7.174243658E-12 6.380491312E-12 6.3241283E-12 6.272631086E-12 6.247406503E-12 6.285361446E-12 6.233143966E-12 6.292564276E-12 6.287926675E-12 6.283766805E-12 6.290627007E-12 6.276849355E-12 6.271317616E-12 6.25439683E-12 6.264499257E-12 6.27729411E-12 6.237160268E-12 6.227452748E-12 6.259991473E-12 6.29648023E-12 
0 0 0 0 0 0 7.472834825E-12 6.289638846E-12 6.227724177E-12 6.250669393E-12 6.244340399E-12 6.260767522E-12 6.355060213E-12 7.097708902E-12 6.386707252E-12 6.254177428E-12 6.212468741E-12 6.251878706E-12 6.195972001E-12 6.256231696E-12 6.248550344E-12 6.253769832E-12 6.259671606E-12 6.245398549E-12 6.234521163E-12 6.220106776E-12 6.226970253E-12 6.242138608E-12 6.200403337E-12 6.195483926E-12 6.226900179E-12 6.262861649E-12 
0 0 0 0 0 0 0 7.662813052E-12 6.270513091E-12 6.292315882E-12 6.283513501E-12 6.291986018E-12 6.296247294E-12 6.398247674E-12 7.310387083E-12 6.395569034E-12 6.255840566E-12 6.293317975E-12 6.241366784E-12 6.297411838E-12 6.289457635E-12 6.294700997E-12 6.308647481E-12 6.294554069E-12 6.276741247E-12 6.263455102E-12 6.269111324E-12 6.285822685E-12 6.244866807E-12 6.236024627E-12 6.266320607E-12 6.306242047E-12 
0 0 0 0 0 0 0 0 6.272550418E-12 6.293453811E-12 6.282265446E-12 6.290755403E-12 6.291247133E-12 6.30928468E-12 6.449741177E-12 7.247639649E-12 6.25601617E-12 6.29633092E-12 6.241708071E-12 6.301042508E-12 6.290743141E-12 6.293286379E-12 6.310845854E-12 6.317931595E-12 6.282283118E-12 6.266322122E-12 6.274030797E-12 6.287634902E-12 6.247264249E-12 6.241954669E-12 6.276427014E-12 6.319274562E-12 
0 0 0 0 0 0 0 0 0 7.517758536E-12 6.307476122E-12 6.287622988E-12 6.276134038E-12 6.277778883E-12 6.305180481E-12 6.26458484E-12 7.257512483E-12 6.409260856E-12 6.247261224E-12 6.290049347E-12 6.278148754E-12 6.278835801E-12 6.29044691E-12 6.275568581E-12 6.301622826E-12 6.269411943E-12 6.270394114E-12 6.278742018E-12 6.23998332E-12 6.230697742E-12 6.257926723E-12 6.294691682E-12 
0 0 0 0 0 0 0 0 0 0 7.563048593E-12 6.30711104E-12 6.278047888E-12 6.280379433E-12 6.308822312E-12 6.264485181E-12 6.356873459E-12 7.193694412E-12 6.33675804E-12 6.301106541E-12 6.279217318E-12 6.277766794E-12 6.285613099E-12 6.275571646E-12 6.280523528E-12 6.267409947E-12 6.269827851E-12 6.279667462E-12 6.237574352E-12 6.22713435E-12 6.260091168E-12 6.294462447E-12 
0 0 0 0 0 0 0 0 0 0 0 7.365604589E-12 6.321830977E-12 6.307546627E-12 6.331029719E-12 6.290213613E-12 6.28734096E-12 6.425586582E-12 7.10393902E-12 6.415260469E-12 6.309818784E-12 6.303478704E-12 6.310274568E-12 6.296402373E-12 6.298076078E-12 6.286976481E-12 6.299163683E-12 6.308093874E-12 6.26517708E-12 6.252314277E-12 6.283329156E-12 6.31756417E-12 
0 0 0 0 0 0 0 0 0 0 0 0 7.444509986E-12 6.313882383E-12 6.32116528E-12 6.275811056E-12 6.25960211E-12 6.305833142E-12 6.343377284E-12 7.165827107E-12 6.399982142E-12 6.300546842E-12 6.299386841E-12 6.28415939E-12 6.281726495E-12 6.266941384E-12 6.276363767E-12 6.296804731E-12 6.250901946E-12 6.237254199E-12 6.265879318E-12 6.301022858E-12 
0 0 0 0 0 0 0 0 0 0 0 0 0 7.467644354E-12 6.326166402E-12 6.263772599E-12 6.236034778E-12 6.279164097E-12 6.235751709E-12 6.374276043E-12 7.178017252E-12 6.376816196E-12 6.29187095E-12 6.271381827E-12 6.263473681E-12 6.24831045E-12 6.256280293E-12 6.275754298E-12 6.236472322E-12 6.22395841E-12 6.254013486E-12 6.289255785E-12 
0 0 0 0 0 0 0 0 0 0 0 0 0 0 7.437482971E-12 6.287972826E-12 6.237400988E-12 6.27740404E-12 6.224610207E-12 6.291259952E-12 6.368657208E-12 7.193925328E-12 6.385590911E-12 6.28004375E-12 6.25750952E-12 6.244046302E-12 6.253128513E-12 6.270407002E-12 6.230326169E-12 6.22947847E-12 6.256968658E-12 6.290135267E-12 
0 0 0 0 0 0 0 0 0 0 0 0 0 0 0 7.576570737E-12 6.252194933E-12 6.292297795E-12 6.238855158E-12 6.296620104E-12 6.297419067E-12 6.390736428E-12 7.149278334E-12 6.395334588E-12 6.277864633E-12 6.261646573E-12 6.271318213E-12 6.286301286E-12 6.249036898E-12 6.244418201E-12 6.28217692E-12 6.317118488E-12 
0 0 0 0 0 0 0 0 0 0 0 0 0 0 0 0 6.260545181E-12 6.299150516E-12 6.244352399E-12 6.30117712E-12 6.294891048E-12 6.308929928E-12 6.424236996E-12 7.281088021E-12 6.284528833E-12 6.268835046E-12 6.277232551E-12 6.292880087E-12 6.251204587E-12 6.247660798E-12 6.285435022E-12 6.343409609E-12 
0 0 0 0 0 0 0 0 0 0 0 0 0 0 0 0 0 7.51309839E-12 6.26394073E-12 6.295670006E-12 6.279602991E-12 6.279576782E-12 6.284588795E-12 6.272299887E-12 7.267356304E-12 6.379228046E-12 6.282933549E-12 6.284149055E-12 6.240265083E-12 6.229789459E-12 6.260522268E-12 6.294309675E-12 
0 0 0 0 0 0 0 0 0 0 0 0 0 0 0 0 0 0 7.511913444E-12 6.350425737E-12 6.320285842E-12 6.316820106E-12 6.325541682E-12 6.313046717E-12 6.422733047E-12 7.133003216E-12 6.402929691E-12 6.329581812E-12 6.286041462E-12 6.26863771E-12 6.297672474E-12 6.332960652E-12 
0 0 0 0 0 0 0 0 0 0 0 0 0 0 0 0 0 0 0 7.398035478E-12 6.300857719E-12 6.283999295E-12 6.289683011E-12 6.271257634E-12 6.288112676E-12 6.372215409E-12 7.150939991E-12 6.383645855E-12 6.27739744E-12 6.229436878E-12 6.257549215E-12 6.294821036E-12 
0 0 0 0 0 0 0 0 0 0 0 0 0 0 0 0 0 0 0 0 7.502510018E-12 6.250512347E-12 6.241359516E-12 6.224933101E-12 6.227497945E-12 6.221420126E-12 6.310686088E-12 7.139901219E-12 6.340475617E-12 6.189129339E-12 6.210175304E-12 6.244986165E-12 
0 0 0 0 0 0 0 0 0 0 0 0 0 0 0 0 0 0 0 0 0 7.387438049E-12 6.316787697E-12 6.28386422E-12 6.274161977E-12 6.26294638E-12 6.28202082E-12 6.457459062E-12 7.083893043E-12 6.334284573E-12 6.277301057E-12 6.303849936E-12 
0 0 0 0 0 0 0 0 0 0 0 0 0 0 0 0 0 0 0 0 0 0 7.4677767E-12 6.298395782E-12 6.259932555E-12 6.245367524E-12 6.258505794E-12 6.311243934E-12 6.323561817E-12 7.086423599E-12 6.363443294E-12 6.304373664E-12 
0 0 0 0 0 0 0 0 0 0 0 0 0 0 0 0 0 0 0 0 0 0 0 7.520398741E-12 6.293035074E-12 6.27979273E-12 6.289780819E-12 6.312230471E-12 6.275332643E-12 6.35626399E-12 7.150309059E-12 6.43616284E-12 
0 0 0 0 0 0 0 0 0 0 0 0 0 0 0 0 0 0 0 0 0 0 0 0 6.26256361E-12 6.245819135E-12 6.254699085E-12 6.270025751E-12 6.230611287E-12 6.238802942E-12 6.376041506E-12 7.397074815E-12 
0 0 0 0 0 0 0 0 0 0 0 0 0 0 0 0 0 0 0 0 0 0 0 0 0 7.492010102E-12 6.286562825E-12 6.265601832E-12 6.220235352E-12 6.203249646E-12 6.235716888E-12 6.271731695E-12 
0 0 0 0 0 0 0 0 0 0 0 0 0 0 0 0 0 0 0 0 0 0 0 0 0 0 7.48195927E-12 6.29802153E-12 6.245159441E-12 6.213445843E-12 6.242739115E-12 6.279183043E-12 
0 0 0 0 0 0 0 0 0 0 0 0 0 0 0 0 0 0 0 0 0 0 0 0 0 0 0 7.500455195E-12 6.69818936E-12 6.195975653E-12 6.2172428E-12 6.251378663E-12 
0 0 0 0 0 0 0 0 0 0 0 0 0 0 0 0 0 0 0 0 0 0 0 0 0 0 0 0 6.381085655E-11 6.676670342E-12 6.272463149E-12 6.289961246E-12 
0 0 0 0 0 0 0 0 0 0 0 0 0 0 0 0 0 0 0 0 0 0 0 0 0 0 0 0 0 7.365472977E-12 6.25899288E-12 6.270114388E-12 
0 0 0 0 0 0 0 0 0 0 0 0 0 0 0 0 0 0 0 0 0 0 0 0 0 0 0 0 0 0 7.422264708E-12 6.303453472E-12 
0 0 0 0 0 0 0 0 0 0 0 0 0 0 0 0 0 0 0 0 0 0 0 0 0 0 0 0 0 0 0 7.682177747E-12 
0 0 0 0 0 0 0 0 0 0 0 0 0 0 0 0 0 0 0 0 0 0 0 0 0 0 0 0 0 0 0 0 
