32 32
0 7.467881306E-12 6.306514895E-12 6.277779121E-12 6.262868052E-12 6.284247887E-12 6.262065684E-12 6.264177003E-12 1.724735763E-11 6.508965452E-12 6.290774049E-12 6.281281772E-12 6.270628792E-12 6.275364965E-12 6.303123496E-12 6.263257013E-12 7.692203922E-12 6.333869867E-12 6.234861981E-12 6.287261162E-12 6.273270953E-12 6.273256297E-12 6.282451722E-12 6.270907232E-12 6.279705777E-12 6.256674883E-12 6.261593642E-12 6.275250901E-12 6.235445217E-12 6.225175603E-12 6.255020013E-12 6.291404437E-12 
0 0 7.603262604E-12 6.337707911E-12 6.30001207E-12 6.315186326E-12 6.290331424E-12 6.292820273E-12 6.699247032E-12 7.100361736E-12 6.416430164E-12 6.321129954E-12 6.30218443E-12 6.305770405E-12 6.335561176E-12 6.290700618E-12 6.332339505E-12 6.325441852E-12 6.264455345E-12 6.316888841E-12 6.305283594E-12 6.302896248E-12 6.311794683E-12 6.300564895E-12 6.300855709E-12 6.284109258E-12 6.29156779E-12 6.30594647E-12 6.26287383E-12 6.25425969E-12 6.285678221E-12 6.322179764E-12 
0 0 0 7.459748391E-12 6.282629816E-12 6.273192515E-12 6.24488023E-12 6.246661273E-12 6.273451936E-12 6.36199341E-12 7.190541543E-12 6.363458421E-12 6.265639683E-12 6.262232603E-12 6.285541345E-12 6.243256052E-12 6.232591675E-12 6.2697209E-12 6.220271375E-12 6.271477995E-12 6.258665786E-12 6.256183708E-12 6.263069044E-12 6.252130054E-12 6.250206542E-12 6.233654957E-12 6.243409412E-12 6.258416216E-12 6.216631564E-12 6.204703018E-12 6.235425347E-12 6.271177382E-12 
0 0 0 0 7.560298571E-12 6.346514199E-12 6.293345804E-12 6.290742011E-12 6.290514279E-12 6.315819377E-12 6.398877441E-12 7.24199158E-12 6.386819993E-12 6.307375343E-12 6.328793537E-12 6.281935277E-12 6.264547032E-12 6.303452873E-12 6.253464567E-12 6.314932636E-12 6.29952089E-12 6.295655503E-12 6.302644422E-12 6.291515936E-12 6.288932452E-12 6.274720878E-12 6.280026091E-12 6.295983397E-12 6.255556089E-12 6.245172421E-12 6.276355579E-12 6.312618533E-12 
0 0 0 0 0 7.538649134E-12 6.308779966E-12 6.284666566E-12 6.266875005E-12 6.289250225E-12 6.289987538E-12 6.401857699E-12 7.17528916E-12 6.382203608E-12 6.325251079E-12 6.274944968E-12 6.247068005E-12 6.289025034E-12 6.236005572E-12 6.295705583E-12 6.289201155E-12 6.284889383E-12 6.290999366E-12 6.27701112E-12 6.270639679E-12 6.255461482E-12 6.265248956E-12 6.280300509E-12 6.241192182E-12 6.231792154E-12 6.261483289E-12 6.296483846E-12 
0 0 0 0 0 0 7.476069824E-12 6.289602963E-12 6.230042995E-12 6.252349682E-12 6.244339441E-12 6.261380024E-12 6.354519405E-12 7.097376673E-12 6.386281466E-12 6.25488715E-12 6.212792812E-12 6.25283313E-12 6.200382826E-12 6.257542897E-12 6.250613664E-12 6.254240238E-12 6.259880989E-12 6.248183555E-12 6.237942917E-12 6.222765382E-12 6.232398278E-12 6.24585259E-12 6.205029489E-12 6.195281868E-12 6.228528023E-12 6.264963768E-12 
0 0 0 0 0 0 0 7.663068883E-12 6.270160392E-12 6.29194107E-12 6.282843776E-12 6.292819474E-12 6.295593701E-12 6.398356609E-12 7.308346361E-12 6.392738531E-12 6.250263467E-12 6.289429478E-12 6.236748055E-12 6.294192495E-12 6.286070921E-12 6.291289451E-12 6.309040608E-12 6.295951354E-12 6.279216166E-12 6.263952486E-12 6.271361855E-12 6.286714446E-12 6.247486724E-12 6.237003689E-12 6.26966068E-12 6.305911395E-12 
0 0 0 0 0 0 0 0 6.270342809E-12 6.292960599E-12 6.284402602E-12 6.290793609E-12 6.288737384E-12 6.309271289E-12 6.449615383E-12 7.248067109E-12 6.257072404E-12 6.296529133E-12 6.243673467E-12 6.300034627E-12 6.291152281E-12 6.294888698E-12 6.310960079E-12 6.319786815E-12 6.280120643E-12 6.266983476E-12 6.272519761E-12 6.28965715E-12 6.25088816E-12 6.242515667E-12 6.27534658E-12 6.317634184E-12 
0 0 0 0 0 0 0 0 0 8.43161203E-12 6.326140968E-12 6.294125818E-12 6.278013978E-12 6.281674434E-12 6.309490033E-12 6.268240954E-12 2.166347844E-11 6.747014464E-12 6.262742434E-12 6.296813965E-12 6.281537394E-12 6.27619927E-12 6.28792164E-12 6.27505633E-12 6.321936276E-12 6.278337183E-12 6.275257894E-12 6.284830312E-12 6.240999675E-12 6.230263618E-12 6.260392905E-12 6.296826813E-12 
0 0 0 0 0 0 0 0 0 0 7.556196128E-12 6.306231608E-12 6.279636692E-12 6.281367888E-12 6.306187573E-12 6.264553585E-12 6.530202621E-12 7.142807382E-12 6.333231753E-12 6.302592925E-12 6.280779633E-12 6.279233549E-12 6.287703039E-12 6.275687998E-12 6.280900137E-12 6.270018213E-12 6.271533853E-12 6.283023981E-12 6.241192355E-12 6.230625646E-12 6.261564759E-12 6.295913547E-12 
0 0 0 0 0 0 0 0 0 0 0 7.365664067E-12 6.321885073E-12 6.307963617E-12 6.333633025E-12 6.291142517E-12 6.286632386E-12 6.422508115E-12 7.103423844E-12 6.413120917E-12 6.313410062E-12 6.304550227E-12 6.31165681E-12 6.298147942E-12 6.298635312E-12 6.287513663E-12 6.300629927E-12 6.311456441E-12 6.264828781E-12 6.251369555E-12 6.283203567E-12 6.317990647E-12 
0 0 0 0 0 0 0 0 0 0 0 0 7.446172323E-12 6.312901573E-12 6.323385368E-12 6.275342287E-12 6.259728094E-12 6.306494712E-12 6.34564364E-12 7.167087918E-12 6.399524033E-12 6.29656255E-12 6.294260072E-12 6.280881116E-12 6.27801647E-12 6.266718955E-12 6.279924422E-12 6.299006101E-12 6.25505148E-12 6.239988747E-12 6.266895515E-12 6.303781004E-12 
0 0 0 0 0 0 0 0 0 0 0 0 0 7.467811635E-12 6.327000197E-12 6.264308386E-12 6.237334822E-12 6.276884434E-12 6.232955092E-12 6.375008745E-12 7.179575219E-12 6.37509422E-12 6.292106453E-12 6.268525045E-12 6.261153028E-12 6.246290684E-12 6.254375544E-12 6.275404954E-12 6.239606432E-12 6.225338319E-12 6.253892063E-12 6.289401614E-12 
0 0 0 0 0 0 0 0 0 0 0 0 0 0 7.439072096E-12 6.288329271E-12 6.237342111E-12 6.277037353E-12 6.223001742E-12 6.292192564E-12 6.372009397E-12 7.195448018E-12 6.387089229E-12 6.284123943E-12 6.259639597E-12 6.247084353E-12 6.254717034E-12 6.271346777E-12 6.234331623E-12 6.232944414E-12 6.255680361E-12 6.291617996E-12 
0 0 0 0 0 0 0 0 0 0 0 0 0 0 0 7.579517598E-12 6.251811259E-12 6.293905308E-12 6.239632829E-12 6.300510355E-12 6.300406442E-12 6.392894854E-12 7.151962818E-12 6.395039983E-12 6.280898728E-12 6.266150093E-12 6.275498726E-12 6.290652498E-12 6.251176887E-12 6.245326719E-12 6.280821965E-12 6.316740547E-12 
0 0 0 0 0 0 0 0 0 0 0 0 0 0 0 0 6.257383074E-12 6.297746377E-12 6.244196459E-12 6.30122248E-12 6.297121637E-12 6.306287744E-12 6.426020168E-12 7.281399009E-12 6.283240763E-12 6.269016153E-12 6.27616038E-12 6.294146569E-12 6.255995254E-12 6.247285226E-12 6.286792188E-12 6.342551276E-12 
0 0 0 0 0 0 0 0 0 0 0 0 0 0 0 0 0 7.389775283E-12 6.260721593E-12 6.292566275E-12 6.275491689E-12 6.274353707E-12 6.281847095E-12 6.269818354E-12 7.26227136E-12 6.372926277E-12 6.281038123E-12 6.284894991E-12 6.240190278E-12 6.229312693E-12 6.257742813E-12 6.293530866E-12 
0 0 0 0 0 0 0 0 0 0 0 0 0 0 0 0 0 0 7.510575723E-12 6.351221155E-12 6.317574705E-12 6.31690663E-12 6.325480209E-12 6.309585852E-12 6.419966841E-12 7.132128514E-12 6.405725004E-12 6.333100153E-12 6.279102363E-12 6.267752431E-12 6.297943196E-12 6.330726528E-12 
0 0 0 0 0 0 0 0 0 0 0 0 0 0 0 0 0 0 0 7.3988856E-12 6.300994003E-12 6.279943693E-12 6.284107139E-12 6.268669431E-12 6.286663685E-12 6.372330298E-12 7.161138029E-12 6.393227642E-12 6.252261003E-12 6.231607771E-12 6.257650688E-12 6.29315482E-12 
0 0 0 0 0 0 0 0 0 0 0 0 0 0 0 0 0 0 0 0 7.506558534E-12 6.250678093E-12 6.237786321E-12 6.22348547E-12 6.224663584E-12 6.220219827E-12 6.321180796E-12 7.15566222E-12 6.291342603E-12 6.189747389E-12 6.211039584E-12 6.2438568E-12 
0 0 0 0 0 0 0 0 0 0 0 0 0 0 0 0 0 0 0 0 0 7.388325043E-12 6.31842809E-12 6.283583771E-12 6.275727672E-12 6.264381812E-12 6.283305736E-12 6.395770202E-12 7.109451259E-12 6.344941356E-12 6.279687112E-12 6.304881635E-12 
0 0 0 0 0 0 0 0 0 0 0 0 0 0 0 0 0 0 0 0 0 0 7.467759113E-12 6.297849069E-12 6.263804678E-12 6.249092553E-12 6.259745135E-12 6.286363683E-12 6.340384119E-12 7.09775528E-12 6.36443672E-12 6.306106547E-12 
0 0 0 0 0 0 0 0 0 0 0 0 0 0 0 0 0 0 0 0 0 0 0 7.528292296E-12 6.296708674E-12 6.281097226E-12 6.289209302E-12 6.308371319E-12 6.278716337E-12 6.361591215E-12 7.153267587E-12 6.438301451E-12 
0 0 0 0 0 0 0 0 0 0 0 0 0 0 0 0 0 0 0 0 0 0 0 0 6.262489396E-12 6.24469691E-12 6.252761175E-12 6.27188509E-12 6.237078843E-12 6.239709558E-12 6.379007132E-12 7.400327701E-12 
0 0 0 0 0 0 0 0 0 0 0 0 0 0 0 0 0 0 0 0 0 0 0 0 0 7.497735929E-12 6.293391966E-12 6.273077389E-12 6.223403644E-12 6.209236572E-12 6.236461162E-12 6.272495577E-12 
0 0 0 0 0 0 0 0 0 0 0 0 0 0 0 0 0 0 0 0 0 0 0 0 0 0 7.490872486E-12 6.306887041E-12 6.231899482E-12 6.215607485E-12 6.245082243E-12 6.279541856E-12 
0 0 0 0 0 0 0 0 0 0 0 0 0 0 0 0 0 0 0 0 0 0 0 0 0 0 0 7.613808673E-12 6.236245862E-12 6.194817246E-12 6.216207033E-12 6.251433417E-12 
0 0 0 0 0 0 0 0 0 0 0 0 0 0 0 0 0 0 0 0 0 0 0 0 0 0 0 0 7.44975969E-12 6.257407224E-12 6.259263966E-12 6.287622679E-12 
0 0 0 0 0 0 0 0 0 0 0 0 0 0 0 0 0 0 0 0 0 0 0 0 0 0 0 0 0 7.507066144E-12 6.264855738E-12 6.276902673E-12 
0 0 0 0 0 0 0 0 0 0 0 0 0 0 0 0 0 0 0 0 0 0 0 0 0 0 0 0 0 0 7.42435988E-12 6.303372324E-12 
0 0 0 0 0 0 0 0 0 0 0 0 0 0 0 0 0 0 0 0 0 0 0 0 0 0 0 0 0 0 0 7.684777322E-12 
0 0 0 0 0 0 0 0 0 0 0 0 0 0 0 0 0 0 0 0 0 0 0 0 0 0 0 0 0 0 0 0 
