32 32
0 7.595527354E-12 6.294109183E-12 6.273400832E-12 6.262512314E-12 6.28536702E-12 6.265788139E-12 6.267523843E-12 7.254754265E-12 6.406885152E-12 6.279965924E-12 6.282152193E-12 6.27385486E-12 6.279062186E-12 6.31101719E-12 6.269926872E-12 6.276725009E-12 6.295260727E-12 6.231790445E-12 6.289659174E-12 6.278289999E-12 6.278456779E-12 6.288679821E-12 6.275460216E-12 6.280087934E-12 6.25655298E-12 6.263651897E-12 6.277448359E-12 6.234240177E-12 6.223982341E-12 6.254534961E-12 6.29171848E-12 
0 0 7.503552031E-12 6.323347768E-12 6.308417732E-12 6.330061834E-12 6.309273198E-12 6.30666418E-12 6.39660575E-12 7.151034056E-12 6.38453122E-12 6.326584639E-12 6.316953327E-12 6.325584315E-12 6.359955048E-12 6.312431986E-12 6.282586271E-12 6.322488356E-12 6.270337602E-12 6.331286337E-12 6.313267185E-12 6.316043073E-12 6.326695158E-12 6.315715798E-12 6.300528948E-12 6.284006154E-12 6.289977351E-12 6.305726837E-12 6.264821531E-12 6.256141482E-12 6.284848906E-12 6.322740987E-12 
0 0 0 7.331866916E-12 6.762847317E-12 6.771085378E-12 6.78936584E-12 6.669408715E-12 6.247341625E-12 6.336360056E-12 7.16548744E-12 6.871587206E-12 6.823960611E-12 6.83320772E-12 6.941989864E-12 6.791793195E-12 6.228665106E-12 6.275111802E-12 6.542974729E-12 6.790154846E-12 6.707642905E-12 6.687382386E-12 6.7306454E-12 6.72295804E-12 6.248364473E-12 6.235950337E-12 6.248019149E-12 6.264773527E-12 6.224256115E-12 6.214739415E-12 6.246203991E-12 6.283212461E-12 
0 0 0 0 7.859012433E-12 7.250927496E-12 7.2922781E-12 7.070799021E-12 6.285689548E-12 6.326051381E-12 6.889175916E-12 7.845632773E-12 7.359973106E-12 7.361511015E-12 7.537720706E-12 7.298270718E-12 6.263820047E-12 6.318896827E-12 6.857773717E-12 7.2715173E-12 7.126815817E-12 7.089119589E-12 7.156763718E-12 7.157496478E-12 6.285225676E-12 6.273934823E-12 6.291090764E-12 6.31367435E-12 6.271845231E-12 6.263794385E-12 6.295047515E-12 6.329548379E-12 
0 0 0 0 0 7.740729172E-12 7.183928543E-12 6.981490773E-12 6.268880157E-12 6.307037821E-12 6.804108692E-12 7.302409717E-12 7.633865449E-12 7.253189367E-12 7.403199791E-12 7.183621958E-12 6.252255933E-12 6.304737157E-12 6.784571612E-12 7.163513474E-12 7.035912718E-12 6.996131001E-12 7.061496238E-12 7.057900272E-12 6.272269764E-12 6.259633957E-12 6.274776046E-12 6.29468809E-12 6.254368118E-12 6.245821439E-12 6.278880515E-12 6.314649144E-12 
0 0 0 0 0 0 7.721442331E-12 6.941911095E-12 6.233910333E-12 6.271261106E-12 6.759347049E-12 7.235707075E-12 7.191894758E-12 7.54476239E-12 7.359479968E-12 7.135007814E-12 6.216772401E-12 6.267940601E-12 6.741050234E-12 7.114842378E-12 6.985063078E-12 6.9567355E-12 7.013427079E-12 7.010770395E-12 6.240028943E-12 6.227868766E-12 6.24035607E-12 6.259827533E-12 6.223149184E-12 6.213343266E-12 6.242842801E-12 6.279199736E-12 
0 0 0 0 0 0 0 7.701017209E-12 6.273176025E-12 6.310573257E-12 6.836149657E-12 7.348023294E-12 7.28488817E-12 7.306670198E-12 7.918563516E-12 7.248985182E-12 6.257097272E-12 6.309719728E-12 6.822923511E-12 7.215439677E-12 7.082501141E-12 7.042709351E-12 7.111588896E-12 7.10788283E-12 6.28266436E-12 6.268919645E-12 6.283098417E-12 6.301250938E-12 6.261080115E-12 6.251229742E-12 6.284133179E-12 6.323099168E-12 
0 0 0 0 0 0 0 0 6.277613957E-12 6.313867505E-12 6.71800123E-12 7.118244015E-12 7.067368385E-12 7.079711108E-12 7.233604723E-12 7.518543446E-12 6.258843966E-12 6.308952741E-12 6.695961887E-12 7.015363372E-12 6.907614393E-12 6.877345319E-12 6.929699435E-12 6.93766046E-12 6.281224461E-12 6.271506001E-12 6.284355241E-12 6.303622335E-12 6.26132488E-12 6.25198904E-12 6.283271107E-12 6.325344745E-12 
0 0 0 0 0 0 0 0 0 7.521061082E-12 6.290886412E-12 6.287358671E-12 6.279192428E-12 6.285705133E-12 6.315662687E-12 6.271630089E-12 7.260448366E-12 6.408978273E-12 6.243132758E-12 6.294079051E-12 6.281400315E-12 6.28537256E-12 6.292676413E-12 6.281419955E-12 6.300183497E-12 6.270444788E-12 6.269459041E-12 6.283076205E-12 6.239244901E-12 6.226791326E-12 6.261052432E-12 6.296087338E-12 
0 0 0 0 0 0 0 0 0 0 7.455546426E-12 6.303989058E-12 6.294297597E-12 6.302313471E-12 6.335447506E-12 6.289246013E-12 6.358681388E-12 7.189662489E-12 6.31032861E-12 6.30792562E-12 6.293539142E-12 6.293766868E-12 6.303227314E-12 6.293743641E-12 6.283545911E-12 6.268625716E-12 6.269012828E-12 6.279080658E-12 6.236778952E-12 6.227103705E-12 6.258141936E-12 6.293833113E-12 
0 0 0 0 0 0 0 0 0 0 0 7.252835859E-12 6.879898328E-12 6.888236231E-12 6.99625631E-12 6.84735451E-12 6.277996384E-12 6.391875879E-12 7.125258214E-12 6.855642925E-12 6.761711155E-12 6.737932729E-12 6.782056218E-12 6.779023786E-12 6.298934583E-12 6.283808649E-12 6.294186675E-12 6.311363289E-12 6.26668556E-12 6.260165597E-12 6.289727198E-12 6.326820565E-12 
0 0 0 0 0 0 0 0 0 0 0 0 7.846162354E-12 7.407584439E-12 7.588093328E-12 7.338401376E-12 6.258477266E-12 6.30976417E-12 6.890327998E-12 7.677366072E-12 7.180699278E-12 7.122845258E-12 7.189851447E-12 7.192360716E-12 6.277542555E-12 6.265462472E-12 6.283549616E-12 6.305654819E-12 6.265902973E-12 6.253447191E-12 6.288400514E-12 6.321088692E-12 
0 0 0 0 0 0 0 0 0 0 0 0 0 7.811042748E-12 7.506552106E-12 7.268201897E-12 6.242516785E-12 6.295661876E-12 6.829330301E-12 7.257178339E-12 7.519712202E-12 7.075094727E-12 7.132287399E-12 7.128987167E-12 6.260314298E-12 6.250489861E-12 6.266426214E-12 6.289131617E-12 6.251185928E-12 6.240735569E-12 6.271111861E-12 6.307882026E-12 
0 0 0 0 0 0 0 0 0 0 0 0 0 0 7.930390156E-12 7.275343914E-12 6.240839319E-12 6.295860884E-12 6.834382403E-12 7.247136805E-12 7.122950966E-12 7.499503704E-12 7.151848475E-12 7.134637327E-12 6.262324338E-12 6.24939413E-12 6.265965474E-12 6.288461585E-12 6.247107637E-12 6.240820339E-12 6.266836141E-12 6.302943231E-12 
0 0 0 0 0 0 0 0 0 0 0 0 0 0 0 7.900429973E-12 6.258675115E-12 6.31502551E-12 6.936559124E-12 7.398857511E-12 7.239053116E-12 7.206079296E-12 7.62768036E-12 7.284087662E-12 6.281991839E-12 6.271872125E-12 6.288720088E-12 6.311335433E-12 6.270407963E-12 6.259216575E-12 6.293616157E-12 6.32857573E-12 
0 0 0 0 0 0 0 0 0 0 0 0 0 0 0 0 6.263181748E-12 6.316091672E-12 6.828818906E-12 7.227048747E-12 7.092398394E-12 7.054049585E-12 7.130549784E-12 7.633125031E-12 6.288075644E-12 6.273917425E-12 6.290334878E-12 6.311231716E-12 6.271118364E-12 6.260966248E-12 6.292004705E-12 6.34013309E-12 
0 0 0 0 0 0 0 0 0 0 0 0 0 0 0 0 0 7.511874746E-12 6.248278191E-12 6.289455175E-12 6.28087259E-12 6.283244265E-12 6.291891161E-12 6.276517956E-12 7.273617314E-12 6.37959233E-12 6.282472773E-12 6.284239948E-12 6.242984436E-12 6.230343371E-12 6.258144412E-12 6.296860906E-12 
0 0 0 0 0 0 0 0 0 0 0 0 0 0 0 0 0 0 7.414883653E-12 6.342098321E-12 6.326750404E-12 6.329752634E-12 6.338778442E-12 6.325018648E-12 6.420008151E-12 7.129924868E-12 6.398458122E-12 6.327501553E-12 6.279792442E-12 6.265344189E-12 6.296927924E-12 6.332239409E-12 
0 0 0 0 0 0 0 0 0 0 0 0 0 0 0 0 0 0 0 7.306260825E-12 6.756943125E-12 6.731243205E-12 6.775140159E-12 6.771771785E-12 6.278424731E-12 6.348685566E-12 7.099273453E-12 6.358033029E-12 6.248935666E-12 6.237985617E-12 6.269088939E-12 6.303416499E-12 
0 0 0 0 0 0 0 0 0 0 0 0 0 0 0 0 0 0 0 0 7.687559456E-12 6.954240481E-12 7.011555786E-12 7.009855921E-12 6.220449742E-12 6.209278571E-12 6.289327476E-12 7.092356803E-12 6.264279687E-12 6.190653002E-12 6.223191276E-12 6.25897044E-12 
0 0 0 0 0 0 0 0 0 0 0 0 0 0 0 0 0 0 0 0 0 7.470804845E-12 6.965325023E-12 6.961708531E-12 6.273854822E-12 6.26240742E-12 6.280694924E-12 6.371000097E-12 7.046031646E-12 6.317039189E-12 6.279689828E-12 6.314652156E-12 
0 0 0 0 0 0 0 0 0 0 0 0 0 0 0 0 0 0 0 0 0 0 7.543659228E-12 6.91826984E-12 6.26307546E-12 6.250945941E-12 6.26445999E-12 6.283100679E-12 6.31041567E-12 7.032178665E-12 6.333992735E-12 6.304917605E-12 
0 0 0 0 0 0 0 0 0 0 0 0 0 0 0 0 0 0 0 0 0 0 0 7.581557628E-12 6.295171438E-12 6.281210407E-12 6.300734965E-12 6.319352828E-12 6.28124405E-12 6.334882863E-12 7.082706494E-12 6.404732671E-12 
0 0 0 0 0 0 0 0 0 0 0 0 0 0 0 0 0 0 0 0 0 0 0 0 6.264787879E-12 6.247523796E-12 6.262809268E-12 6.282594797E-12 6.243668945E-12 6.237164661E-12 6.344092461E-12 7.312348931E-12 
0 0 0 0 0 0 0 0 0 0 0 0 0 0 0 0 0 0 0 0 0 0 0 0 0 7.495426621E-12 6.289940963E-12 6.273133473E-12 6.217719951E-12 6.209329694E-12 6.239687922E-12 6.272501793E-12 
0 0 0 0 0 0 0 0 0 0 0 0 0 0 0 0 0 0 0 0 0 0 0 0 0 0 7.487780704E-12 6.302314754E-12 6.229114211E-12 6.212012635E-12 6.24355637E-12 6.278572077E-12 
0 0 0 0 0 0 0 0 0 0 0 0 0 0 0 0 0 0 0 0 0 0 0 0 0 0 0 7.605143118E-12 6.233414535E-12 6.190498165E-12 6.219777669E-12 6.249345095E-12 
0 0 0 0 0 0 0 0 0 0 0 0 0 0 0 0 0 0 0 0 0 0 0 0 0 0 0 0 7.445460466E-12 6.253792804E-12 6.255797814E-12 6.28387773E-12 
0 0 0 0 0 0 0 0 0 0 0 0 0 0 0 0 0 0 0 0 0 0 0 0 0 0 0 0 0 7.501273523E-12 6.262616479E-12 6.272004591E-12 
0 0 0 0 0 0 0 0 0 0 0 0 0 0 0 0 0 0 0 0 0 0 0 0 0 0 0 0 0 0 7.421313321E-12 6.303166581E-12 
0 0 0 0 0 0 0 0 0 0 0 0 0 0 0 0 0 0 0 0 0 0 0 0 0 0 0 0 0 0 0 7.676435341E-12 
0 0 0 0 0 0 0 0 0 0 0 0 0 0 0 0 0 0 0 0 0 0 0 0 0 0 0 0 0 0 0 0 
