32 32
0 7.585922885E-12 6.30600477E-12 6.277800639E-12 6.261413262E-12 6.282895618E-12 6.259327628E-12 6.263580594E-12 7.189779266E-12 6.379912618E-12 6.283146348E-12 6.284719258E-12 6.280335828E-12 6.281667671E-12 6.303320705E-12 6.262156199E-12 6.268110832E-12 6.29818788E-12 6.243728943E-12 6.297142056E-12 6.288116242E-12 6.283420788E-12 6.28368162E-12 6.274386687E-12 6.282763043E-12 6.270186866E-12 6.276835758E-12 6.293461345E-12 6.252780177E-12 6.236986197E-12 6.257970025E-12 6.293129587E-12 
0 0 7.603316348E-12 6.337639615E-12 6.29933457E-12 6.315531861E-12 6.291848735E-12 6.293134123E-12 6.375869815E-12 7.106949593E-12 6.39263247E-12 6.317504375E-12 6.310513034E-12 6.312521387E-12 6.334295716E-12 6.293375977E-12 6.289104694E-12 6.332568338E-12 6.272637362E-12 6.327403968E-12 6.318786624E-12 6.314326796E-12 6.313183386E-12 6.299451405E-12 6.309647914E-12 6.298697174E-12 6.30824556E-12 6.321905068E-12 6.28275969E-12 6.266530759E-12 6.284880587E-12 6.320392746E-12 
0 0 0 7.457902105E-12 6.280051629E-12 6.27471856E-12 6.246318758E-12 6.247751939E-12 6.258877186E-12 6.348089944E-12 7.147429751E-12 6.341157808E-12 6.264930635E-12 6.265848344E-12 6.286899457E-12 6.242680182E-12 6.234264001E-12 6.276957444E-12 6.22263194E-12 6.276143549E-12 6.266413793E-12 6.264676475E-12 6.263406287E-12 6.250096965E-12 6.258995189E-12 6.250057481E-12 6.256780406E-12 6.268619186E-12 6.231694021E-12 6.215517838E-12 6.23415042E-12 6.271347993E-12 
0 0 0 0 7.557372073E-12 6.346125322E-12 6.2906834E-12 6.287851875E-12 6.288649767E-12 6.312487696E-12 6.37377935E-12 7.198774729E-12 6.367268552E-12 6.309769368E-12 6.328466256E-12 6.284655038E-12 6.27678967E-12 6.318937586E-12 6.263579878E-12 6.320654617E-12 6.309772244E-12 6.30461559E-12 6.304769132E-12 6.291911172E-12 6.300673874E-12 6.290825893E-12 6.298885087E-12 6.313081477E-12 6.27339449E-12 6.255545759E-12 6.276533539E-12 6.312617927E-12 
0 0 0 0 0 7.537021619E-12 6.308238732E-12 6.28374393E-12 6.271652819E-12 6.295809912E-12 6.287370147E-12 6.378027477E-12 7.133730569E-12 6.361982231E-12 6.321534064E-12 6.274925207E-12 6.258779351E-12 6.301503423E-12 6.244153336E-12 6.300551276E-12 6.293101481E-12 6.287908755E-12 6.29156691E-12 6.27876798E-12 6.280609186E-12 6.271055611E-12 6.276313703E-12 6.295039907E-12 6.25537032E-12 6.239550743E-12 6.261319314E-12 6.297119331E-12 
0 0 0 0 0 0 7.475390089E-12 6.287847778E-12 6.23750584E-12 6.25713591E-12 6.247514318E-12 6.25707467E-12 6.332418403E-12 7.05915487E-12 6.380273488E-12 6.25239901E-12 6.219120379E-12 6.262060031E-12 6.20408339E-12 6.262286231E-12 6.252794501E-12 6.254165494E-12 6.261369677E-12 6.246491715E-12 6.245471996E-12 6.234364589E-12 6.241039601E-12 6.255937157E-12 6.217375257E-12 6.202144943E-12 6.227075213E-12 6.264301132E-12 
0 0 0 0 0 0 0 7.664412697E-12 6.271625784E-12 6.293906281E-12 6.281996135E-12 6.283610093E-12 6.284228076E-12 6.37711316E-12 7.302182909E-12 6.391308836E-12 6.253706721E-12 6.295984095E-12 6.238662834E-12 6.297851801E-12 6.284761286E-12 6.28280576E-12 6.303441325E-12 6.288926052E-12 6.279330685E-12 6.267087518E-12 6.27273789E-12 6.289941083E-12 6.249559285E-12 6.23779891E-12 6.269765463E-12 6.305968873E-12 
0 0 0 0 0 0 0 0 6.273391133E-12 6.29501263E-12 6.284845427E-12 6.292137952E-12 6.288892077E-12 6.299822753E-12 6.445596263E-12 7.244894123E-12 6.257795684E-12 6.298113019E-12 6.246406209E-12 6.297839966E-12 6.288541391E-12 6.291210502E-12 6.310868933E-12 6.320020265E-12 6.281418196E-12 6.270772181E-12 6.276622123E-12 6.292998289E-12 6.253571414E-12 6.245678028E-12 6.277756759E-12 6.313899905E-12 
0 0 0 0 0 0 0 0 0 7.392643886E-12 6.668805661E-12 6.677485768E-12 6.743542467E-12 6.632255279E-12 6.320719797E-12 6.270372752E-12 7.301444581E-12 6.992573209E-12 6.854324132E-12 6.898558499E-12 6.96798235E-12 6.733795962E-12 6.305084009E-12 6.275567115E-12 6.790048986E-12 6.98323519E-12 6.985538027E-12 6.994256718E-12 6.981908704E-12 6.757994657E-12 6.271066146E-12 6.296881444E-12 
0 0 0 0 0 0 0 0 0 0 7.48105885E-12 6.719673563E-12 6.800224271E-12 6.670970402E-12 6.317306343E-12 6.265982275E-12 6.811870927E-12 7.456703788E-12 6.940575284E-12 6.968566888E-12 7.049463335E-12 6.788719924E-12 6.308150458E-12 6.284438736E-12 6.845044371E-12 7.074342874E-12 7.076327894E-12 7.087978674E-12 7.079828576E-12 6.821930137E-12 6.278756173E-12 6.304984454E-12 
0 0 0 0 0 0 0 0 0 0 0 7.265670439E-12 6.75043508E-12 6.639222213E-12 6.339296811E-12 6.289459283E-12 6.742329547E-12 6.981634607E-12 7.218752791E-12 6.90618675E-12 6.957416516E-12 6.742689148E-12 6.330377615E-12 6.296372772E-12 6.781458485E-12 6.971983542E-12 6.987465248E-12 6.993213215E-12 6.982036441E-12 6.7580419E-12 6.296046346E-12 6.318904724E-12 
0 0 0 0 0 0 0 0 0 0 0 0 7.400296911E-12 6.63177457E-12 6.324533995E-12 6.279306405E-12 6.733609572E-12 6.960909051E-12 6.849960344E-12 7.277085666E-12 6.96830694E-12 6.729969264E-12 6.306578434E-12 6.282342348E-12 6.770874984E-12 6.968268244E-12 6.97741946E-12 6.992511652E-12 6.971393192E-12 6.744422094E-12 6.279572115E-12 6.302255959E-12 
0 0 0 0 0 0 0 0 0 0 0 0 0 7.326303361E-12 6.313748929E-12 6.257985294E-12 6.805410982E-12 7.073274817E-12 6.93453521E-12 6.991681143E-12 7.458637855E-12 6.81042311E-12 6.300720317E-12 6.267300442E-12 6.849743859E-12 7.079628766E-12 7.083879949E-12 7.093548785E-12 7.088411111E-12 6.824681991E-12 6.266127123E-12 6.288504482E-12 
0 0 0 0 0 0 0 0 0 0 0 0 0 0 7.335800434E-12 6.27166922E-12 6.662514102E-12 6.870494548E-12 6.755561364E-12 6.802150698E-12 6.870145555E-12 7.200544608E-12 6.354472381E-12 6.277676572E-12 6.700820833E-12 6.876383786E-12 6.879523969E-12 6.895072162E-12 6.877761454E-12 6.676642396E-12 6.265101432E-12 6.289210864E-12 
0 0 0 0 0 0 0 0 0 0 0 0 0 0 0 7.578709245E-12 6.269612172E-12 6.314985264E-12 6.258907723E-12 6.314499484E-12 6.305645366E-12 6.362263798E-12 7.147546458E-12 6.395819263E-12 6.29450879E-12 6.288130936E-12 6.295896082E-12 6.311423714E-12 6.270277781E-12 6.254281589E-12 6.28300153E-12 6.317993685E-12 
0 0 0 0 0 0 0 0 0 0 0 0 0 0 0 0 6.263525445E-12 6.303975482E-12 6.249900427E-12 6.304928977E-12 6.293937162E-12 6.298548042E-12 6.42471576E-12 7.284011911E-12 6.290961835E-12 6.274902882E-12 6.283136544E-12 6.299478914E-12 6.257997626E-12 6.247950503E-12 6.286454276E-12 6.344714912E-12 
0 0 0 0 0 0 0 0 0 0 0 0 0 0 0 0 0 7.560382005E-12 6.980083504E-12 7.027963475E-12 7.113905415E-12 6.835020872E-12 6.307018676E-12 6.282596112E-12 7.484196566E-12 7.147966226E-12 7.144325647E-12 7.151115521E-12 7.144806859E-12 6.865176512E-12 6.279914692E-12 6.298891514E-12 
0 0 0 0 0 0 0 0 0 0 0 0 0 0 0 0 0 0 7.838283755E-12 7.358259998E-12 7.482076231E-12 7.093943495E-12 6.353621575E-12 6.318540133E-12 7.185506472E-12 7.857887787E-12 7.537866181E-12 7.53373261E-12 7.538887177E-12 7.151082724E-12 6.318874601E-12 6.336681083E-12 
0 0 0 0 0 0 0 0 0 0 0 0 0 0 0 0 0 0 0 7.640293463E-12 7.323774002E-12 6.973506419E-12 6.309495941E-12 6.278325952E-12 7.046685008E-12 7.371860419E-12 7.761541978E-12 7.385710964E-12 7.372326092E-12 7.023126538E-12 6.279556316E-12 6.296788011E-12 
0 0 0 0 0 0 0 0 0 0 0 0 0 0 0 0 0 0 0 0 7.82047477E-12 6.914040009E-12 6.260607089E-12 6.229454259E-12 6.985718548E-12 7.290876781E-12 7.312191508E-12 7.743166871E-12 7.32173251E-12 6.966285951E-12 6.22989744E-12 6.248832565E-12 
0 0 0 0 0 0 0 0 0 0 0 0 0 0 0 0 0 0 0 0 0 7.423036444E-12 6.318165315E-12 6.284503789E-12 7.139682424E-12 7.488157054E-12 7.496627498E-12 7.516532744E-12 7.886499399E-12 7.135845707E-12 6.28802822E-12 6.303692666E-12 
0 0 0 0 0 0 0 0 0 0 0 0 0 0 0 0 0 0 0 0 0 0 7.334882931E-12 6.277507556E-12 6.8405531E-12 7.063268465E-12 7.07509517E-12 7.081496284E-12 7.086178111E-12 7.31626284E-12 6.332453085E-12 6.294399346E-12 
0 0 0 0 0 0 0 0 0 0 0 0 0 0 0 0 0 0 0 0 0 0 0 7.52461679E-12 6.316567455E-12 6.312839741E-12 6.317071316E-12 6.333088506E-12 6.296231324E-12 6.334394179E-12 7.140842202E-12 6.434722853E-12 
0 0 0 0 0 0 0 0 0 0 0 0 0 0 0 0 0 0 0 0 0 0 0 0 6.267663597E-12 6.252699308E-12 6.258487167E-12 6.275391322E-12 6.234527539E-12 6.228125167E-12 6.377229606E-12 7.399995706E-12 
0 0 0 0 0 0 0 0 0 0 0 0 0 0 0 0 0 0 0 0 0 0 0 0 0 7.638423524E-12 7.155937958E-12 7.1606452E-12 7.153615288E-12 6.86736217E-12 6.254534048E-12 6.276393231E-12 
0 0 0 0 0 0 0 0 0 0 0 0 0 0 0 0 0 0 0 0 0 0 0 0 0 0 8.079143735E-12 7.550318303E-12 7.554982041E-12 7.148903699E-12 6.269412937E-12 6.283693237E-12 
0 0 0 0 0 0 0 0 0 0 0 0 0 0 0 0 0 0 0 0 0 0 0 0 0 0 0 8.149999225E-12 7.528377182E-12 7.120058406E-12 6.239303169E-12 6.254963873E-12 
0 0 0 0 0 0 0 0 0 0 0 0 0 0 0 0 0 0 0 0 0 0 0 0 0 0 0 0 8.068669129E-12 7.154439391E-12 6.277318186E-12 6.291286222E-12 
0 0 0 0 0 0 0 0 0 0 0 0 0 0 0 0 0 0 0 0 0 0 0 0 0 0 0 0 0 7.671192496E-12 6.262506305E-12 6.273759074E-12 
0 0 0 0 0 0 0 0 0 0 0 0 0 0 0 0 0 0 0 0 0 0 0 0 0 0 0 0 0 0 7.294778741E-12 6.286417798E-12 
0 0 0 0 0 0 0 0 0 0 0 0 0 0 0 0 0 0 0 0 0 0 0 0 0 0 0 0 0 0 0 7.680850625E-12 
0 0 0 0 0 0 0 0 0 0 0 0 0 0 0 0 0 0 0 0 0 0 0 0 0 0 0 0 0 0 0 0 
