32 32
0 7.595414083E-12 6.305316453E-12 6.273812504E-12 6.265744941E-12 6.280130632E-12 6.259242323E-12 6.263504071E-12 7.236428772E-12 6.398826823E-12 6.285138515E-12 6.275903637E-12 6.26730265E-12 6.280321035E-12 6.309820094E-12 6.265529811E-12 6.330308926E-12 6.295210924E-12 6.235308173E-12 6.289251034E-12 6.278350871E-12 6.280646245E-12 6.288655884E-12 6.268076637E-12 6.275948726E-12 6.254390298E-12 6.264391442E-12 6.279044945E-12 6.239246455E-12 6.226026935E-12 6.257034964E-12 6.291381214E-12 
0 0 7.594026341E-12 6.317549505E-12 6.293902243E-12 6.313139288E-12 6.295025452E-12 6.294022546E-12 6.399443041E-12 7.149189083E-12 6.410652552E-12 6.309196055E-12 6.297355946E-12 6.30699281E-12 6.339993464E-12 6.293440882E-12 6.302932054E-12 6.320272863E-12 6.261148941E-12 6.320399275E-12 6.309186695E-12 6.304840029E-12 6.317497022E-12 6.298866425E-12 6.297178524E-12 6.283792883E-12 6.28889834E-12 6.307283907E-12 6.268399118E-12 6.25809578E-12 6.292049567E-12 6.322951711E-12 
0 0 0 7.316750668E-12 6.280961089E-12 6.297878216E-12 6.268104833E-12 6.244045152E-12 6.26051947E-12 6.360858094E-12 7.184951894E-12 6.330114189E-12 6.272968696E-12 6.279759487E-12 6.308506042E-12 6.241349095E-12 6.230649576E-12 6.268250772E-12 6.217437947E-12 6.282796443E-12 6.277484205E-12 6.279696502E-12 6.288281545E-12 6.250068086E-12 6.251486124E-12 6.233684533E-12 6.24028519E-12 6.281927705E-12 6.247099698E-12 6.235107093E-12 6.267095854E-12 6.274029779E-12 
0 0 0 0 7.768917586E-12 7.192667231E-12 7.106961643E-12 6.318422891E-12 6.284613315E-12 6.310421966E-12 6.377936943E-12 7.369767742E-12 7.058563E-12 7.067492662E-12 7.001903134E-12 6.319492967E-12 6.266150973E-12 6.305695327E-12 6.274583615E-12 6.78522153E-12 7.004826985E-12 7.044340708E-12 6.963345874E-12 6.326135698E-12 6.292923009E-12 6.278906329E-12 6.30181443E-12 7.028063067E-12 7.153798011E-12 7.098182914E-12 7.174298978E-12 6.348462036E-12 
0 0 0 0 0 8.117847931E-12 7.471881053E-12 6.3229916E-12 6.263705151E-12 6.292847219E-12 6.310419094E-12 7.04386826E-12 7.782731186E-12 7.418507262E-12 7.296597281E-12 6.319609222E-12 6.247941644E-12 6.290305125E-12 6.267213418E-12 6.985469364E-12 7.321472378E-12 7.370675834E-12 7.248469472E-12 6.329253968E-12 6.272971061E-12 6.265053195E-12 6.299977991E-12 7.344274857E-12 7.549798748E-12 7.47093543E-12 7.566622893E-12 6.34879608E-12 
0 0 0 0 0 0 7.909206243E-12 6.296117781E-12 6.229737747E-12 6.256247816E-12 6.275315367E-12 6.955326677E-12 7.305476761E-12 7.676601087E-12 7.226802522E-12 6.284517445E-12 6.212089746E-12 6.256927966E-12 6.23261766E-12 6.917612947E-12 7.232019785E-12 7.281224026E-12 7.164643869E-12 6.291198472E-12 6.241157249E-12 6.23201725E-12 6.266463283E-12 7.257254583E-12 7.449103594E-12 7.372910701E-12 7.467920986E-12 6.312468816E-12 
0 0 0 0 0 0 0 7.43525694E-12 6.269440184E-12 6.295957498E-12 6.313894242E-12 6.945305536E-12 7.257517648E-12 7.29099384E-12 7.74764344E-12 6.375164542E-12 6.255309796E-12 6.298309118E-12 6.271278855E-12 6.910273197E-12 7.202878579E-12 7.248090165E-12 7.14319284E-12 6.331486792E-12 6.281302726E-12 6.26956709E-12 6.303595204E-12 7.22549052E-12 7.403964195E-12 7.331025733E-12 7.417431053E-12 6.348972799E-12 
0 0 0 0 0 0 0 0 6.272451902E-12 6.292263068E-12 6.285298906E-12 6.317195834E-12 6.326149066E-12 6.33413279E-12 6.417984337E-12 7.221501541E-12 6.255513469E-12 6.29744756E-12 6.244749192E-12 6.322749101E-12 6.325153871E-12 6.327554738E-12 6.334644729E-12 6.312220592E-12 6.280332631E-12 6.264890727E-12 6.275043044E-12 6.33101634E-12 6.298518265E-12 6.287342974E-12 6.322680442E-12 6.316674306E-12 
0 0 0 0 0 0 0 0 0 7.570262808E-12 6.3081634E-12 6.280890747E-12 6.273588979E-12 6.279991019E-12 6.306993375E-12 6.262360744E-12 6.069834992E-11 7.068274785E-12 6.261821784E-12 6.290997448E-12 6.277796611E-12 6.27927431E-12 6.288288743E-12 6.271824962E-12 6.362255041E-12 6.288126397E-12 6.276867325E-12 6.285108601E-12 6.241494771E-12 6.233192281E-12 6.262933144E-12 6.292159197E-12 
0 0 0 0 0 0 0 0 0 0 7.554933814E-12 6.290006038E-12 6.28080642E-12 6.285435922E-12 6.313217076E-12 6.266484281E-12 6.807353951E-12 7.153396186E-12 6.328275723E-12 6.290963434E-12 6.281188687E-12 6.280291683E-12 6.291560171E-12 6.273394936E-12 6.281312967E-12 6.268408632E-12 6.269897656E-12 6.284735787E-12 6.243448737E-12 6.233950014E-12 6.267306822E-12 6.295735356E-12 
0 0 0 0 0 0 0 0 0 0 0 7.214738298E-12 6.326118476E-12 6.331259945E-12 6.356711681E-12 6.288541736E-12 6.290921296E-12 6.41831178E-12 7.089739172E-12 6.385000035E-12 6.326080301E-12 6.329559402E-12 6.335890741E-12 6.295181175E-12 6.297552846E-12 6.284252828E-12 6.297387188E-12 6.33267526E-12 6.297454943E-12 6.284336762E-12 6.318809142E-12 6.319228572E-12 
0 0 0 0 0 0 0 0 0 0 0 0 7.353281382E-12 6.903835462E-12 6.857659111E-12 6.302571712E-12 6.25415473E-12 6.301103058E-12 6.314039992E-12 7.200283093E-12 6.874241687E-12 6.883476726E-12 6.821432312E-12 6.310672661E-12 6.280208068E-12 6.268177457E-12 6.290936805E-12 6.874346692E-12 6.965950142E-12 6.916924857E-12 6.984976734E-12 6.331378574E-12 
0 0 0 0 0 0 0 0 0 0 0 0 0 7.698231596E-12 7.102964803E-12 6.301393995E-12 6.236419108E-12 6.279658416E-12 6.252547712E-12 6.856973365E-12 7.576143404E-12 7.172489113E-12 7.059145872E-12 6.30828236E-12 6.264646739E-12 6.253695298E-12 6.282542909E-12 7.139758574E-12 7.300152179E-12 7.229945517E-12 7.315652315E-12 6.329827645E-12 
0 0 0 0 0 0 0 0 0 0 0 0 0 0 7.539635228E-12 6.302055795E-12 6.236451941E-12 6.281612809E-12 6.251617752E-12 6.853082749E-12 7.140866109E-12 7.633960627E-12 7.084591452E-12 6.309007977E-12 6.263399457E-12 6.251189659E-12 6.284019702E-12 7.150295858E-12 7.313461938E-12 7.248225757E-12 7.329952706E-12 6.331887361E-12 
0 0 0 0 0 0 0 0 0 0 0 0 0 0 0 7.390196934E-12 6.256796791E-12 6.300524121E-12 6.269185634E-12 6.804870338E-12 7.042920407E-12 7.094371079E-12 7.4452515E-12 6.374105955E-12 6.283777151E-12 6.271257382E-12 6.299646593E-12 7.064011109E-12 7.200915169E-12 7.140879242E-12 7.219980809E-12 6.345289538E-12 
0 0 0 0 0 0 0 0 0 0 0 0 0 0 0 0 6.257770093E-12 6.297689182E-12 6.24514502E-12 6.327268728E-12 6.331263116E-12 6.335308535E-12 6.39796339E-12 7.255268414E-12 6.285063449E-12 6.268951038E-12 6.278497089E-12 6.3339291E-12 6.302812279E-12 6.292063248E-12 6.32615368E-12 6.337719819E-12 
0 0 0 0 0 0 0 0 0 0 0 0 0 0 0 0 0 7.410363126E-12 6.258335353E-12 6.289765615E-12 6.276820993E-12 6.281022725E-12 6.289511968E-12 6.273490611E-12 7.245232985E-12 6.373349342E-12 6.280759201E-12 6.284688532E-12 6.241486955E-12 6.230084325E-12 6.262316222E-12 6.293853119E-12 
0 0 0 0 0 0 0 0 0 0 0 0 0 0 0 0 0 0 7.503497349E-12 6.334895617E-12 6.319539704E-12 6.319227206E-12 6.328619283E-12 6.311184542E-12 6.41478788E-12 7.125592991E-12 6.403206301E-12 6.326727004E-12 6.283274349E-12 6.272545177E-12 6.30394786E-12 6.334037125E-12 
0 0 0 0 0 0 0 0 0 0 0 0 0 0 0 0 0 0 0 7.249727283E-12 6.302362182E-12 6.305052484E-12 6.312116719E-12 6.275838599E-12 6.287437122E-12 6.369713727E-12 7.147658544E-12 6.369291406E-12 6.275449864E-12 6.261253018E-12 6.294464196E-12 6.296279244E-12 
0 0 0 0 0 0 0 0 0 0 0 0 0 0 0 0 0 0 0 0 7.338974355E-12 6.786177166E-12 6.726726494E-12 6.251267841E-12 6.222240792E-12 6.211163483E-12 6.286804651E-12 7.322299247E-12 6.870715227E-12 6.813682797E-12 6.876204696E-12 6.271796024E-12 
0 0 0 0 0 0 0 0 0 0 0 0 0 0 0 0 0 0 0 0 0 7.568997425E-12 7.024371013E-12 6.319470263E-12 6.27722598E-12 6.264121751E-12 6.293705909E-12 7.110352166E-12 7.637269508E-12 7.196287795E-12 7.262534357E-12 6.338984749E-12 
0 0 0 0 0 0 0 0 0 0 0 0 0 0 0 0 0 0 0 0 0 0 7.517922521E-12 6.308542262E-12 6.26496597E-12 6.252398009E-12 6.282433103E-12 7.124951081E-12 7.295458483E-12 7.612458951E-12 7.310639567E-12 6.328378729E-12 
0 0 0 0 0 0 0 0 0 0 0 0 0 0 0 0 0 0 0 0 0 0 0 7.337488966E-12 6.298379886E-12 6.284967108E-12 6.310058895E-12 7.05517737E-12 7.186583808E-12 7.138177945E-12 7.649243518E-12 6.407949976E-12 
0 0 0 0 0 0 0 0 0 0 0 0 0 0 0 0 0 0 0 0 0 0 0 0 6.260116102E-12 6.243821911E-12 6.25306197E-12 6.309080299E-12 6.277817478E-12 6.265849401E-12 6.360318843E-12 7.371865639E-12 
0 0 0 0 0 0 0 0 0 0 0 0 0 0 0 0 0 0 0 0 0 0 0 0 0 7.494324203E-12 6.285739459E-12 6.263676778E-12 6.220569089E-12 6.20776923E-12 6.241480171E-12 6.273659719E-12 
0 0 0 0 0 0 0 0 0 0 0 0 0 0 0 0 0 0 0 0 0 0 0 0 0 0 7.486596949E-12 6.285459771E-12 6.229376699E-12 6.217121633E-12 6.250340747E-12 6.279848031E-12 
0 0 0 0 0 0 0 0 0 0 0 0 0 0 0 0 0 0 0 0 0 0 0 0 0 0 0 7.450523332E-12 6.234756931E-12 6.217036537E-12 6.249179355E-12 6.252286156E-12 
0 0 0 0 0 0 0 0 0 0 0 0 0 0 0 0 0 0 0 0 0 0 0 0 0 0 0 0 7.690678559E-12 7.190685368E-12 7.271069826E-12 6.326712677E-12 
0 0 0 0 0 0 0 0 0 0 0 0 0 0 0 0 0 0 0 0 0 0 0 0 0 0 0 0 0 7.973509804E-12 7.490627254E-12 6.316467024E-12 
0 0 0 0 0 0 0 0 0 0 0 0 0 0 0 0 0 0 0 0 0 0 0 0 0 0 0 0 0 0 7.875776081E-12 6.312283863E-12 
0 0 0 0 0 0 0 0 0 0 0 0 0 0 0 0 0 0 0 0 0 0 0 0 0 0 0 0 0 0 0 7.455314617E-12 
0 0 0 0 0 0 0 0 0 0 0 0 0 0 0 0 0 0 0 0 0 0 0 0 0 0 0 0 0 0 0 0 
