32 32
0 7.599431444E-12 6.300750275E-12 6.271458994E-12 6.254572261E-12 6.272746926E-12 6.251268589E-12 6.254899873E-12 7.250492977E-12 6.399154088E-12 6.277328685E-12 6.270788757E-12 6.260850079E-12 6.266295462E-12 6.295114518E-12 6.252148443E-12 6.265737192E-12 6.283805464E-12 6.224380058E-12 6.276519322E-12 6.262995968E-12 6.262612273E-12 6.271976583E-12 6.260763542E-12 6.266522642E-12 6.243968277E-12 6.251436788E-12 6.265003461E-12 6.223841445E-12 6.213311848E-12 6.245000435E-12 6.281188317E-12 
0 0 7.610410202E-12 6.328300112E-12 6.289405713E-12 6.305047344E-12 6.282068994E-12 6.281828791E-12 6.389809585E-12 7.152505195E-12 6.406529738E-12 6.310533911E-12 6.293181425E-12 6.29613461E-12 6.325224301E-12 6.282616229E-12 6.273909893E-12 6.314130952E-12 6.254901653E-12 6.307590431E-12 6.294142305E-12 6.293378164E-12 6.303662801E-12 6.291977767E-12 6.292870958E-12 6.273638324E-12 6.278835789E-12 6.289380316E-12 6.249445042E-12 6.239969586E-12 6.269715758E-12 6.306271349E-12 
0 0 0 7.462401311E-12 6.272001696E-12 6.263622049E-12 6.235765353E-12 6.237242091E-12 6.249672059E-12 6.358472121E-12 7.192877338E-12 6.353516846E-12 6.25323998E-12 6.253373438E-12 6.279064889E-12 6.235385982E-12 6.224187243E-12 6.263932235E-12 6.212419947E-12 6.264327551E-12 6.250489022E-12 6.248025826E-12 6.256929682E-12 6.245158108E-12 6.242289175E-12 6.225812445E-12 6.233528505E-12 6.25015746E-12 6.209360479E-12 6.198722236E-12 6.229642888E-12 6.265193354E-12 
0 0 0 0 7.563647564E-12 6.336995334E-12 6.285260341E-12 6.281175605E-12 6.277395408E-12 6.30917585E-12 6.394710551E-12 7.247776973E-12 6.38164169E-12 6.301122601E-12 6.319400837E-12 6.275620799E-12 6.257758772E-12 6.297591747E-12 6.24710669E-12 6.307317298E-12 6.291387266E-12 6.286513425E-12 6.297062372E-12 6.282397772E-12 6.278422846E-12 6.260800336E-12 6.267236199E-12 6.285179276E-12 6.244822437E-12 6.233553102E-12 6.264158205E-12 6.300252814E-12 
0 0 0 0 0 7.541586759E-12 6.297852525E-12 6.275532146E-12 6.254992477E-12 6.280433993E-12 6.281003417E-12 6.392561042E-12 7.177797904E-12 6.371149917E-12 6.314461204E-12 6.263214409E-12 6.239209093E-12 6.276588215E-12 6.225097877E-12 6.283074085E-12 6.281514181E-12 6.27676285E-12 6.282162186E-12 6.269318433E-12 6.262291842E-12 6.244567706E-12 6.254722787E-12 6.270320753E-12 6.231288897E-12 6.219805257E-12 6.250544542E-12 6.28717372E-12 
0 0 0 0 0 0 7.480070203E-12 6.278944384E-12 6.219793758E-12 6.242910864E-12 6.233276181E-12 6.252774866E-12 6.347267763E-12 7.099841675E-12 6.376602719E-12 6.243075845E-12 6.203085428E-12 6.244578321E-12 6.189967828E-12 6.248334942E-12 6.241429048E-12 6.247338575E-12 6.25194875E-12 6.23740385E-12 6.226723561E-12 6.212344814E-12 6.216337769E-12 6.235557159E-12 6.196819184E-12 6.186948196E-12 6.216739669E-12 6.253923818E-12 
0 0 0 0 0 0 0 7.668911376E-12 6.259342418E-12 6.28138059E-12 6.267562612E-12 6.277126864E-12 6.280947032E-12 6.386175282E-12 7.310500864E-12 6.384863188E-12 6.244154766E-12 6.282619104E-12 6.226912312E-12 6.284679762E-12 6.275657668E-12 6.281295077E-12 6.29645175E-12 6.280888899E-12 6.265605665E-12 6.251285176E-12 6.259986604E-12 6.27386853E-12 6.237222443E-12 6.227105791E-12 6.257878894E-12 6.298497265E-12 
0 0 0 0 0 0 0 0 6.265020838E-12 6.28724167E-12 6.275880487E-12 6.283206211E-12 6.282092179E-12 6.301338979E-12 6.441755323E-12 7.252032148E-12 6.2474839E-12 6.286692927E-12 6.232377994E-12 6.291561853E-12 6.280472356E-12 6.287029526E-12 6.299913698E-12 6.311102619E-12 6.273561924E-12 6.256617412E-12 6.261909949E-12 6.278227409E-12 6.237078022E-12 6.230156585E-12 6.264125931E-12 6.307517718E-12 
0 0 0 0 0 0 0 0 0 7.525938901E-12 6.297092059E-12 6.279842163E-12 6.267297731E-12 6.272382553E-12 6.298394775E-12 6.25755265E-12 7.259637006E-12 6.401590956E-12 6.240545243E-12 6.284192066E-12 6.269612914E-12 6.268706649E-12 6.279668042E-12 6.265688702E-12 6.293351959E-12 6.259129191E-12 6.263880786E-12 6.273266924E-12 6.231096554E-12 6.219129507E-12 6.249842404E-12 6.284989285E-12 
0 0 0 0 0 0 0 0 0 0 7.570954606E-12 6.297723645E-12 6.270368905E-12 6.270656988E-12 6.298934942E-12 6.256899095E-12 6.348987397E-12 7.195091662E-12 6.326060037E-12 6.29262527E-12 6.272506641E-12 6.26935276E-12 6.278347433E-12 6.265118669E-12 6.274856309E-12 6.258994535E-12 6.262714104E-12 6.272992668E-12 6.231646457E-12 6.219448261E-12 6.250464165E-12 6.285029097E-12 
0 0 0 0 0 0 0 0 0 0 0 7.368180674E-12 6.313093238E-12 6.299387344E-12 6.321650785E-12 6.279543705E-12 6.27888095E-12 6.415224849E-12 7.104890842E-12 6.40810703E-12 6.305155048E-12 6.294786909E-12 6.301108193E-12 6.287174885E-12 6.291350993E-12 6.277117782E-12 6.285846113E-12 6.295265585E-12 6.255881695E-12 6.242435319E-12 6.273741955E-12 6.309411984E-12 
0 0 0 0 0 0 0 0 0 0 0 0 7.448477101E-12 6.303849504E-12 6.313229502E-12 6.26620944E-12 6.247510002E-12 6.297523623E-12 6.335423456E-12 7.166590897E-12 6.388987984E-12 6.289518811E-12 6.291955564E-12 6.276154971E-12 6.271166608E-12 6.260868539E-12 6.268678933E-12 6.288879799E-12 6.244904616E-12 6.229951127E-12 6.261331836E-12 6.295877032E-12 
0 0 0 0 0 0 0 0 0 0 0 0 0 7.473006696E-12 6.316128971E-12 6.254598316E-12 6.230342235E-12 6.271134117E-12 6.226228716E-12 6.367250794E-12 7.18001259E-12 6.36832826E-12 6.283525274E-12 6.261174204E-12 6.25438505E-12 6.237957541E-12 6.245989856E-12 6.268632932E-12 6.233787809E-12 6.217010961E-12 6.24871367E-12 6.280480683E-12 
0 0 0 0 0 0 0 0 0 0 0 0 0 0 7.440170739E-12 6.277764981E-12 6.227504844E-12 6.268468493E-12 6.216644681E-12 6.28182702E-12 6.363991228E-12 7.19770462E-12 6.377357745E-12 6.271859728E-12 6.250963972E-12 6.235099688E-12 6.243467686E-12 6.261855793E-12 6.225341165E-12 6.220488398E-12 6.248081212E-12 6.28179798E-12 
0 0 0 0 0 0 0 0 0 0 0 0 0 0 0 7.585424587E-12 6.245815596E-12 6.285815526E-12 6.231221993E-12 6.289330717E-12 6.28960964E-12 6.385044716E-12 7.151500287E-12 6.387862082E-12 6.270200482E-12 6.253141758E-12 6.26311065E-12 6.280137201E-12 6.241278022E-12 6.235300992E-12 6.272921233E-12 6.307388121E-12 
0 0 0 0 0 0 0 0 0 0 0 0 0 0 0 0 6.248453115E-12 6.290155706E-12 6.235587101E-12 6.292637163E-12 6.287252466E-12 6.298252191E-12 6.417915387E-12 7.283121334E-12 6.275679414E-12 6.2577694E-12 6.26594485E-12 6.282485835E-12 6.246429846E-12 6.238222581E-12 6.276078293E-12 6.333321137E-12 
0 0 0 0 0 0 0 0 0 0 0 0 0 0 0 0 0 7.516081367E-12 6.253551214E-12 6.285334563E-12 6.26940479E-12 6.269909408E-12 6.278523368E-12 6.264888981E-12 7.268098277E-12 6.361724565E-12 6.302804906E-12 6.276056299E-12 6.229822777E-12 6.218779586E-12 6.25270815E-12 6.287724982E-12 
0 0 0 0 0 0 0 0 0 0 0 0 0 0 0 0 0 0 7.51306385E-12 6.342622148E-12 6.31131142E-12 6.306812324E-12 6.315273388E-12 6.304460164E-12 6.405547929E-12 7.112384468E-12 6.456122263E-12 6.32116424E-12 6.271085041E-12 6.257890251E-12 6.28951561E-12 6.323688347E-12 
0 0 0 0 0 0 0 0 0 0 0 0 0 0 0 0 0 0 0 7.4000039E-12 6.294175612E-12 6.270690905E-12 6.277168307E-12 6.263003432E-12 6.276789414E-12 6.42351887E-12 7.139502682E-12 6.371953806E-12 6.241262909E-12 6.221254321E-12 6.248059644E-12 6.284388338E-12 
0 0 0 0 0 0 0 0 0 0 0 0 0 0 0 0 0 0 0 0 7.505965132E-12 6.235976969E-12 6.227359431E-12 6.213805224E-12 6.215810175E-12 6.239738217E-12 6.300008977E-12 7.147517347E-12 6.284237914E-12 6.183079204E-12 6.202494499E-12 6.236588695E-12 
0 0 0 0 0 0 0 0 0 0 0 0 0 0 0 0 0 0 0 0 0 7.392405108E-12 6.310022262E-12 6.276473365E-12 6.26645563E-12 6.260437753E-12 6.269078141E-12 6.387326633E-12 7.109951102E-12 6.336463091E-12 6.27002386E-12 6.296473978E-12 
0 0 0 0 0 0 0 0 0 0 0 0 0 0 0 0 0 0 0 0 0 0 7.471739936E-12 6.287238172E-12 6.252526342E-12 6.239237093E-12 6.249191412E-12 6.274897413E-12 6.330431739E-12 7.095596859E-12 6.354874143E-12 6.295906757E-12 
0 0 0 0 0 0 0 0 0 0 0 0 0 0 0 0 0 0 0 0 0 0 0 7.528913467E-12 6.285230134E-12 6.270199869E-12 6.27774716E-12 6.298841421E-12 6.269152795E-12 6.351244841E-12 7.148797215E-12 6.42786059E-12 
0 0 0 0 0 0 0 0 0 0 0 0 0 0 0 0 0 0 0 0 0 0 0 0 6.251805626E-12 6.235500849E-12 6.24452355E-12 6.263516791E-12 6.227040938E-12 6.228833824E-12 6.370071769E-12 7.402940046E-12 
0 0 0 0 0 0 0 0 0 0 0 0 0 0 0 0 0 0 0 0 0 0 0 0 0 7.365072867E-12 6.669163199E-12 6.264920444E-12 6.212377848E-12 6.197646533E-12 6.22848424E-12 6.264433676E-12 
0 0 0 0 0 0 0 0 0 0 0 0 0 0 0 0 0 0 0 0 0 0 0 0 0 0 5.911233141E-11 6.826877618E-12 6.237310005E-12 6.20814582E-12 6.233149808E-12 6.267688522E-12 
0 0 0 0 0 0 0 0 0 0 0 0 0 0 0 0 0 0 0 0 0 0 0 0 0 0 0 7.513915261E-12 6.220397302E-12 6.182972724E-12 6.205679429E-12 6.239465507E-12 
0 0 0 0 0 0 0 0 0 0 0 0 0 0 0 0 0 0 0 0 0 0 0 0 0 0 0 0 7.452391258E-12 6.246815024E-12 6.248951022E-12 6.27832985E-12 
0 0 0 0 0 0 0 0 0 0 0 0 0 0 0 0 0 0 0 0 0 0 0 0 0 0 0 0 0 7.512709463E-12 6.256320605E-12 6.264580716E-12 
0 0 0 0 0 0 0 0 0 0 0 0 0 0 0 0 0 0 0 0 0 0 0 0 0 0 0 0 0 0 7.424611747E-12 6.292098785E-12 
0 0 0 0 0 0 0 0 0 0 0 0 0 0 0 0 0 0 0 0 0 0 0 0 0 0 0 0 0 0 0 7.682851459E-12 
0 0 0 0 0 0 0 0 0 0 0 0 0 0 0 0 0 0 0 0 0 0 0 0 0 0 0 0 0 0 0 0 
