32 32
0 7.599549656E-12 6.303967724E-12 6.272503458E-12 6.255307577E-12 6.275890342E-12 6.252838769E-12 6.25673196E-12 7.253376088E-12 6.404755133E-12 6.282935119E-12 6.272627018E-12 6.263316253E-12 6.265890415E-12 6.297845153E-12 6.255307962E-12 6.267640341E-12 6.285423917E-12 6.224721306E-12 6.27731294E-12 6.265083883E-12 6.266776777E-12 6.274331415E-12 6.262064518E-12 6.26982291E-12 6.246809286E-12 6.251640847E-12 6.266828576E-12 6.22347024E-12 6.214495924E-12 6.245516431E-12 6.281041686E-12 
0 0 7.610347904E-12 6.328573583E-12 6.288405321E-12 6.303833323E-12 6.28216338E-12 6.28447508E-12 6.389901279E-12 7.152010635E-12 6.407613854E-12 6.31078065E-12 6.294201316E-12 6.298619028E-12 6.324676583E-12 6.283931924E-12 6.275384432E-12 6.315772349E-12 6.256669221E-12 6.308455225E-12 6.296492369E-12 6.293753431E-12 6.303951666E-12 6.292258691E-12 6.29314831E-12 6.275270098E-12 6.279316839E-12 6.295938547E-12 6.255219214E-12 6.244369047E-12 6.276918587E-12 6.312626739E-12 
0 0 0 7.467240223E-12 6.275017605E-12 6.268945429E-12 6.239416405E-12 6.240977982E-12 6.252533891E-12 6.360383988E-12 7.195990463E-12 6.357764519E-12 6.258035003E-12 6.25267679E-12 6.278503515E-12 6.235951341E-12 6.222704206E-12 6.263153105E-12 6.213009764E-12 6.266746758E-12 6.250888051E-12 6.249668224E-12 6.258239046E-12 6.245679583E-12 6.244361094E-12 6.227604075E-12 6.233612596E-12 6.248738131E-12 6.207819646E-12 6.197676267E-12 6.229173951E-12 6.26407603E-12 
0 0 0 0 7.566713672E-12 6.339180288E-12 6.28581897E-12 6.281003161E-12 6.278183753E-12 6.309320567E-12 6.395247118E-12 7.249481235E-12 6.381763392E-12 6.303164577E-12 6.318596438E-12 6.275634479E-12 6.257995979E-12 6.29883643E-12 6.247581092E-12 6.308592552E-12 6.291345822E-12 6.289286461E-12 6.297868458E-12 6.282533754E-12 6.279979648E-12 6.265759137E-12 6.270022049E-12 6.286680815E-12 6.247376607E-12 6.236194284E-12 6.268528296E-12 6.30267441E-12 
0 0 0 0 0 7.546162987E-12 6.30204997E-12 6.277256197E-12 6.258750581E-12 6.28244586E-12 6.279991256E-12 6.393983596E-12 7.17717246E-12 6.373616925E-12 6.315775967E-12 6.26502468E-12 6.240843167E-12 6.279971682E-12 6.227904718E-12 6.286252886E-12 6.281426399E-12 6.277393661E-12 6.28275485E-12 6.268728431E-12 6.263666594E-12 6.24858179E-12 6.254341374E-12 6.269654104E-12 6.229342303E-12 6.222590828E-12 6.252997546E-12 6.289486461E-12 
0 0 0 0 0 0 7.482020643E-12 6.280330012E-12 6.220974632E-12 6.243047095E-12 6.236275872E-12 6.255077359E-12 6.348978955E-12 7.099552319E-12 6.376237135E-12 6.244280654E-12 6.205469873E-12 6.244172437E-12 6.190377903E-12 6.249893768E-12 6.241817068E-12 6.248845811E-12 6.253509701E-12 6.239522854E-12 6.227260908E-12 6.212772112E-12 6.219427996E-12 6.236258015E-12 6.197039979E-12 6.186152833E-12 6.219092648E-12 6.258410421E-12 
0 0 0 0 0 0 0 7.669121885E-12 6.260024599E-12 6.281771989E-12 6.272308781E-12 6.28353718E-12 6.287681295E-12 6.388787838E-12 7.312491051E-12 6.387934971E-12 6.244629601E-12 6.282852879E-12 6.231411526E-12 6.285855616E-12 6.279323906E-12 6.284360852E-12 6.299204832E-12 6.285730235E-12 6.268755696E-12 6.253556247E-12 6.260247436E-12 6.275400076E-12 6.238453481E-12 6.22709618E-12 6.258877253E-12 6.297551315E-12 
0 0 0 0 0 0 0 0 6.265707184E-12 6.287051438E-12 6.276385504E-12 6.284430369E-12 6.283235565E-12 6.301636764E-12 6.442447032E-12 7.24841104E-12 6.249320522E-12 6.289226219E-12 6.235255251E-12 6.290903426E-12 6.282873249E-12 6.288554833E-12 6.302235386E-12 6.310356955E-12 6.274675287E-12 6.259257735E-12 6.265111811E-12 6.280186989E-12 6.243519935E-12 6.234004407E-12 6.26442267E-12 6.308072384E-12 
0 0 0 0 0 0 0 0 0 7.525135107E-12 6.297861609E-12 6.279702137E-12 6.269056873E-12 6.272478338E-12 6.299305246E-12 6.25999428E-12 7.260284067E-12 6.403233022E-12 6.242803163E-12 6.28636689E-12 6.272392429E-12 6.269893625E-12 6.279545113E-12 6.268576123E-12 6.295270236E-12 6.260675124E-12 6.260227772E-12 6.275806621E-12 6.231813737E-12 6.222388863E-12 6.251574612E-12 6.287969817E-12 
0 0 0 0 0 0 0 0 0 0 7.572086349E-12 6.297958571E-12 6.267005869E-12 6.270660075E-12 6.297107169E-12 6.255128648E-12 6.347862431E-12 7.195142949E-12 6.324951525E-12 6.292275194E-12 6.271137424E-12 6.268343983E-12 6.276592233E-12 6.263261291E-12 6.271321922E-12 6.258132027E-12 6.258080211E-12 6.274610774E-12 6.230780111E-12 6.217688859E-12 6.249575327E-12 6.286976368E-12 
0 0 0 0 0 0 0 0 0 0 0 7.370627858E-12 6.314236969E-12 6.29800435E-12 6.323533127E-12 6.280816591E-12 6.278949911E-12 6.415808378E-12 7.107287446E-12 6.409501688E-12 6.30558945E-12 6.294747124E-12 6.300053422E-12 6.289013724E-12 6.292026243E-12 6.279526E-12 6.2895527E-12 6.301875713E-12 6.25707318E-12 6.244018661E-12 6.276876317E-12 6.310809377E-12 
0 0 0 0 0 0 0 0 0 0 0 0 7.449507861E-12 6.301359781E-12 6.311166629E-12 6.265384058E-12 6.246935792E-12 6.296774846E-12 6.335658111E-12 7.168445864E-12 6.391506017E-12 6.287380754E-12 6.285067104E-12 6.272939029E-12 6.270424477E-12 6.258791964E-12 6.272082462E-12 6.290150924E-12 6.244757523E-12 6.230023401E-12 6.259621281E-12 6.293949831E-12 
0 0 0 0 0 0 0 0 0 0 0 0 0 7.473872656E-12 6.317976306E-12 6.258161734E-12 6.230408587E-12 6.271779699E-12 6.227920045E-12 6.368956956E-12 7.181340407E-12 6.369044516E-12 6.284464038E-12 6.263532098E-12 6.254566432E-12 6.240215969E-12 6.249700903E-12 6.269153507E-12 6.233845834E-12 6.217883848E-12 6.247070052E-12 6.279023317E-12 
0 0 0 0 0 0 0 0 0 0 0 0 0 0 7.44244816E-12 6.279359829E-12 6.229728335E-12 6.268009911E-12 6.217312072E-12 6.283650262E-12 6.365694562E-12 7.199561402E-12 6.378370473E-12 6.273674871E-12 6.251856626E-12 6.237066263E-12 6.246227764E-12 6.26161446E-12 6.227788334E-12 6.221294168E-12 6.249872004E-12 6.283727061E-12 
0 0 0 0 0 0 0 0 0 0 0 0 0 0 0 7.585142112E-12 6.249088707E-12 6.286356809E-12 6.234081422E-12 6.29246454E-12 6.291728711E-12 6.387401511E-12 7.152325368E-12 6.390092454E-12 6.272242961E-12 6.257146828E-12 6.264210276E-12 6.278960655E-12 6.244554268E-12 6.237668187E-12 6.274924637E-12 6.30909657E-12 
0 0 0 0 0 0 0 0 0 0 0 0 0 0 0 0 6.252296028E-12 6.291760417E-12 6.236598671E-12 6.292707773E-12 6.286620059E-12 6.302209208E-12 6.418907196E-12 7.284979012E-12 6.276590938E-12 6.260866384E-12 6.26955989E-12 6.283970259E-12 6.245594106E-12 6.241276976E-12 6.278406765E-12 6.334728444E-12 
0 0 0 0 0 0 0 0 0 0 0 0 0 0 0 0 0 7.519326343E-12 6.255370747E-12 6.288997599E-12 6.270108501E-12 6.269741189E-12 6.279222827E-12 6.268989683E-12 7.274110123E-12 6.371471665E-12 6.269795379E-12 6.285074447E-12 6.232424749E-12 6.218571358E-12 6.25006423E-12 6.285386344E-12 
0 0 0 0 0 0 0 0 0 0 0 0 0 0 0 0 0 0 7.515657607E-12 6.34316896E-12 6.312147677E-12 6.305234604E-12 6.317142963E-12 6.305169103E-12 6.412356956E-12 7.126551377E-12 6.37908805E-12 6.355170767E-12 6.271904095E-12 6.25878954E-12 6.290602071E-12 6.324981443E-12 
0 0 0 0 0 0 0 0 0 0 0 0 0 0 0 0 0 0 0 7.401820501E-12 6.292105821E-12 6.2712604E-12 6.278432753E-12 6.263818408E-12 6.281411957E-12 6.354589873E-12 7.123753801E-12 6.458180488E-12 6.241379129E-12 6.220482567E-12 6.249945568E-12 6.28477925E-12 
0 0 0 0 0 0 0 0 0 0 0 0 0 0 0 0 0 0 0 0 7.511314459E-12 6.242833813E-12 6.229793285E-12 6.216051939E-12 6.213575673E-12 6.208338102E-12 6.35894174E-12 7.150578814E-12 6.273869541E-12 6.181404842E-12 6.201342044E-12 6.237255752E-12 
0 0 0 0 0 0 0 0 0 0 0 0 0 0 0 0 0 0 0 0 0 7.393607134E-12 6.309639553E-12 6.277661619E-12 6.268654753E-12 6.254144051E-12 6.298055829E-12 6.383842839E-12 7.100866E-12 6.337290785E-12 6.269033603E-12 6.297504252E-12 
0 0 0 0 0 0 0 0 0 0 0 0 0 0 0 0 0 0 0 0 0 0 7.472150666E-12 6.289190289E-12 6.253584253E-12 6.240023983E-12 6.254668281E-12 6.27655949E-12 6.328390082E-12 7.095807653E-12 6.356063375E-12 6.296198802E-12 
0 0 0 0 0 0 0 0 0 0 0 0 0 0 0 0 0 0 0 0 0 0 0 7.531179125E-12 6.287292183E-12 6.272087033E-12 6.280033091E-12 6.298239438E-12 6.267493637E-12 6.348665952E-12 7.150284254E-12 6.426800887E-12 
0 0 0 0 0 0 0 0 0 0 0 0 0 0 0 0 0 0 0 0 0 0 0 0 6.251759488E-12 6.238126903E-12 6.246420237E-12 6.260676121E-12 6.223796502E-12 6.228431535E-12 6.368771832E-12 7.401598753E-12 
0 0 0 0 0 0 0 0 0 0 0 0 0 0 0 0 0 0 0 0 0 0 0 0 0 7.498544214E-12 6.271165159E-12 6.28079812E-12 6.213598181E-12 6.19891937E-12 6.22775593E-12 6.262729237E-12 
0 0 0 0 0 0 0 0 0 0 0 0 0 0 0 0 0 0 0 0 0 0 0 0 0 0 7.297858755E-12 6.761677633E-12 6.222243045E-12 6.2014838E-12 6.231590522E-12 6.267954113E-12 
0 0 0 0 0 0 0 0 0 0 0 0 0 0 0 0 0 0 0 0 0 0 0 0 0 0 0 5.735550529E-11 6.657223424E-12 6.19446794E-12 6.207625962E-12 6.240779697E-12 
0 0 0 0 0 0 0 0 0 0 0 0 0 0 0 0 0 0 0 0 0 0 0 0 0 0 0 0 7.435436834E-12 6.247779893E-12 6.24702228E-12 6.278582599E-12 
0 0 0 0 0 0 0 0 0 0 0 0 0 0 0 0 0 0 0 0 0 0 0 0 0 0 0 0 0 7.507439291E-12 6.254415275E-12 6.266172837E-12 
0 0 0 0 0 0 0 0 0 0 0 0 0 0 0 0 0 0 0 0 0 0 0 0 0 0 0 0 0 0 7.426201953E-12 6.293551486E-12 
0 0 0 0 0 0 0 0 0 0 0 0 0 0 0 0 0 0 0 0 0 0 0 0 0 0 0 0 0 0 0 7.68564141E-12 
0 0 0 0 0 0 0 0 0 0 0 0 0 0 0 0 0 0 0 0 0 0 0 0 0 0 0 0 0 0 0 0 
