32 32
0 7.59796007E-12 6.301537532E-12 6.269379102E-12 6.253517019E-12 6.274457129E-12 6.253789686E-12 6.255368306E-12 7.251097115E-12 6.408735468E-12 6.282590087E-12 6.274209434E-12 6.263213643E-12 6.266315779E-12 6.294753492E-12 6.254184771E-12 6.267976806E-12 6.288432204E-12 6.224264613E-12 6.275936709E-12 6.266675263E-12 6.265864319E-12 6.272536499E-12 6.260926125E-12 6.269632448E-12 6.246504001E-12 6.252177678E-12 6.268165754E-12 6.222777802E-12 6.211802267E-12 6.244955017E-12 6.283622697E-12 
0 0 7.615669979E-12 6.330214855E-12 6.288962099E-12 6.302918981E-12 6.280382984E-12 6.285820115E-12 6.389477495E-12 7.15394134E-12 6.406421601E-12 6.312883732E-12 6.29512122E-12 6.29700127E-12 6.323500605E-12 6.280070638E-12 6.272789631E-12 6.324163446E-12 6.25339127E-12 6.308663321E-12 6.293133077E-12 6.291970132E-12 6.302939289E-12 6.289270897E-12 6.289822607E-12 6.273053294E-12 6.281607854E-12 6.297459203E-12 6.256961179E-12 6.245978641E-12 6.275907478E-12 6.311725441E-12 
0 0 0 7.467267092E-12 6.275312153E-12 6.267506916E-12 6.240125044E-12 6.242555348E-12 6.252961506E-12 6.365051313E-12 7.195280748E-12 6.359005808E-12 6.258906375E-12 6.253169039E-12 6.27894043E-12 6.237098501E-12 6.224828779E-12 6.269254791E-12 6.214391663E-12 6.265547243E-12 6.247863228E-12 6.247744702E-12 6.254520454E-12 6.243775953E-12 6.242363938E-12 6.226796708E-12 6.233424476E-12 6.248372476E-12 6.20740943E-12 6.197095237E-12 6.22862398E-12 6.263816139E-12 
0 0 0 0 7.567507019E-12 6.339900926E-12 6.285928932E-12 6.282876173E-12 6.278552582E-12 6.312947571E-12 6.39473647E-12 7.250082263E-12 6.382638872E-12 6.303544107E-12 6.322698718E-12 6.276842359E-12 6.25848931E-12 6.298461863E-12 6.248182649E-12 6.308724943E-12 6.294193128E-12 6.289067811E-12 6.297769133E-12 6.284363454E-12 6.279571029E-12 6.264217439E-12 6.271051621E-12 6.286435919E-12 6.245004699E-12 6.235302873E-12 6.265446324E-12 6.302657117E-12 
0 0 0 0 0 7.544660239E-12 6.299415788E-12 6.274605987E-12 6.254979213E-12 6.281842347E-12 6.281763703E-12 6.392770104E-12 7.177808448E-12 6.371768839E-12 6.315974109E-12 6.262448745E-12 6.237015141E-12 6.27751291E-12 6.225010387E-12 6.28431724E-12 6.278706895E-12 6.275237902E-12 6.285510255E-12 6.268245663E-12 6.26195452E-12 6.245329699E-12 6.253409146E-12 6.266269803E-12 6.226816989E-12 6.216238867E-12 6.247921553E-12 6.288246625E-12 
0 0 0 0 0 0 7.481357773E-12 6.282117358E-12 6.219416298E-12 6.244096425E-12 6.237335483E-12 6.251973919E-12 6.346811029E-12 7.09085436E-12 6.37359088E-12 6.24037142E-12 6.205055054E-12 6.241691661E-12 6.190528369E-12 6.250426008E-12 6.243794511E-12 6.246218292E-12 6.266857932E-12 6.238622817E-12 6.230243931E-12 6.214181375E-12 6.221704246E-12 6.237190118E-12 6.195713727E-12 6.185983362E-12 6.219215591E-12 6.256185064E-12 
0 0 0 0 0 0 0 7.665472068E-12 6.264738759E-12 6.284267299E-12 6.274176277E-12 6.283685751E-12 6.287553269E-12 6.385533719E-12 7.301728313E-12 6.384112311E-12 6.246385187E-12 6.28582618E-12 6.231599277E-12 6.287373279E-12 6.277967255E-12 6.28507076E-12 6.328919884E-12 6.283009199E-12 6.268302417E-12 6.253625129E-12 6.260446695E-12 6.278965399E-12 6.238144744E-12 6.229609934E-12 6.260199697E-12 6.296914037E-12 
0 0 0 0 0 0 0 0 6.265890788E-12 6.28823929E-12 6.276461756E-12 6.28306167E-12 6.284454872E-12 6.300125645E-12 6.443781106E-12 7.243257022E-12 6.251378837E-12 6.285719975E-12 6.233238178E-12 6.290686296E-12 6.280108432E-12 6.286982178E-12 6.318689489E-12 6.309130284E-12 6.27324139E-12 6.25801654E-12 6.26944705E-12 6.28174377E-12 6.242848745E-12 6.234836679E-12 6.267126175E-12 6.30969678E-12 
0 0 0 0 0 0 0 0 0 7.558671895E-12 6.295821861E-12 6.279694172E-12 6.267460668E-12 6.271359311E-12 6.299386819E-12 6.255684762E-12 7.248093136E-12 6.454921114E-12 6.240180085E-12 6.283844402E-12 6.268803977E-12 6.269196507E-12 6.278723075E-12 6.263944646E-12 6.295088369E-12 6.261322131E-12 6.263302823E-12 6.275157359E-12 6.234297982E-12 6.220450118E-12 6.254379087E-12 6.287345348E-12 
0 0 0 0 0 0 0 0 0 0 7.612998071E-12 6.306493309E-12 6.27053869E-12 6.268824291E-12 6.298082696E-12 6.258823699E-12 6.523283169E-12 1.494581461E-11 6.540665006E-12 6.307010049E-12 6.27584574E-12 6.272545655E-12 6.278920915E-12 6.265852251E-12 6.288463629E-12 6.281901111E-12 6.275323764E-12 6.278743703E-12 6.234024171E-12 6.223790801E-12 6.25227816E-12 6.288146834E-12 
0 0 0 0 0 0 0 0 0 0 0 7.368983714E-12 6.313450074E-12 6.298323274E-12 6.322245662E-12 6.280806962E-12 6.278123937E-12 6.491876653E-12 7.088553342E-12 6.409562812E-12 6.306856308E-12 6.297671954E-12 6.303464503E-12 6.289990506E-12 6.293316799E-12 6.277725787E-12 6.290244973E-12 6.29965854E-12 6.257824995E-12 6.244712581E-12 6.274147548E-12 6.308737503E-12 
0 0 0 0 0 0 0 0 0 0 0 0 7.451008395E-12 6.304354763E-12 6.316046667E-12 6.267394794E-12 6.25207172E-12 6.301417964E-12 6.337064619E-12 7.170084562E-12 6.393829101E-12 6.289344429E-12 6.291618572E-12 6.27533066E-12 6.27451106E-12 6.258936165E-12 6.27124222E-12 6.292543114E-12 6.245550712E-12 6.23143141E-12 6.261666771E-12 6.294707122E-12 
0 0 0 0 0 0 0 0 0 0 0 0 0 7.470345762E-12 6.323451844E-12 6.2561635E-12 6.229874867E-12 6.272751797E-12 6.227391567E-12 6.369169918E-12 7.181128506E-12 6.366335441E-12 6.290568596E-12 6.263108106E-12 6.255556126E-12 6.240259824E-12 6.250494115E-12 6.267118812E-12 6.231242581E-12 6.220007774E-12 6.246601967E-12 6.279457113E-12 
0 0 0 0 0 0 0 0 0 0 0 0 0 0 7.534474772E-12 6.279183505E-12 6.22955141E-12 6.267162395E-12 6.216457975E-12 6.283862863E-12 6.364096544E-12 7.158166167E-12 6.877795162E-12 6.278298586E-12 6.2534322E-12 6.239141827E-12 6.248606191E-12 6.263835132E-12 6.228018767E-12 6.223137637E-12 6.250372421E-12 6.283212306E-12 
0 0 0 0 0 0 0 0 0 0 0 0 0 0 0 7.610049062E-12 6.2481593E-12 6.28572909E-12 6.231149349E-12 6.295394504E-12 6.30453231E-12 7.062962962E-12 4.557795871E-11 6.956708445E-12 6.272301518E-12 6.257777805E-12 6.265757037E-12 6.283766853E-12 6.252089905E-12 6.258986771E-12 6.317044957E-12 6.333973957E-12 
0 0 0 0 0 0 0 0 0 0 0 0 0 0 0 0 6.252667975E-12 6.29357284E-12 6.239220454E-12 6.294115348E-12 6.28630606E-12 6.306396807E-12 6.827014758E-12 7.249588827E-12 6.276791113E-12 6.261861833E-12 6.269624058E-12 6.287080196E-12 6.248462548E-12 6.239880962E-12 6.278011918E-12 6.333933794E-12 
0 0 0 0 0 0 0 0 0 0 0 0 0 0 0 0 0 7.439536565E-12 6.251308892E-12 6.288198492E-12 6.273187923E-12 6.271307152E-12 6.278636479E-12 6.266058361E-12 7.272604903E-12 6.3701383E-12 6.275241192E-12 6.278982624E-12 6.235186531E-12 6.22110566E-12 6.252744676E-12 6.289196673E-12 
0 0 0 0 0 0 0 0 0 0 0 0 0 0 0 0 0 0 7.432053133E-12 6.341600799E-12 6.313714286E-12 6.311039105E-12 6.315856448E-12 6.30446505E-12 6.407850149E-12 7.121203318E-12 6.393829958E-12 6.323672469E-12 6.273436192E-12 6.258461725E-12 6.29066307E-12 6.324301306E-12 
0 0 0 0 0 0 0 0 0 0 0 0 0 0 0 0 0 0 0 7.401680315E-12 6.293646076E-12 6.273616856E-12 6.277547177E-12 6.263531916E-12 6.278797304E-12 6.361851259E-12 7.160699967E-12 6.381889954E-12 6.24455393E-12 6.223158646E-12 6.250853566E-12 6.286754729E-12 
0 0 0 0 0 0 0 0 0 0 0 0 0 0 0 0 0 0 0 0 7.513323852E-12 6.242754077E-12 6.233233953E-12 6.217030101E-12 6.215986202E-12 6.211905483E-12 6.313738399E-12 7.157740755E-12 6.28290071E-12 6.182645595E-12 6.203056197E-12 6.23727596E-12 
0 0 0 0 0 0 0 0 0 0 0 0 0 0 0 0 0 0 0 0 0 7.388058752E-12 6.308817943E-12 6.277486479E-12 6.26958256E-12 6.257072201E-12 6.274141528E-12 6.391356264E-12 7.112949251E-12 6.33684228E-12 6.270207884E-12 6.296849627E-12 
0 0 0 0 0 0 0 0 0 0 0 0 0 0 0 0 0 0 0 0 0 0 7.363829436E-12 6.288515143E-12 6.255108388E-12 6.238847204E-12 6.246005492E-12 6.274918158E-12 6.328205069E-12 7.09142937E-12 6.347921727E-12 6.291333703E-12 
0 0 0 0 0 0 0 0 0 0 0 0 0 0 0 0 0 0 0 0 0 0 0 7.391222008E-12 6.284495483E-12 6.267230905E-12 6.275106948E-12 6.294588399E-12 6.265578119E-12 6.343237167E-12 7.128070536E-12 6.418573975E-12 
0 0 0 0 0 0 0 0 0 0 0 0 0 0 0 0 0 0 0 0 0 0 0 0 6.252959368E-12 6.237681077E-12 6.246487417E-12 6.262660734E-12 6.22588167E-12 6.226668975E-12 6.365117344E-12 7.397466316E-12 
0 0 0 0 0 0 0 0 0 0 0 0 0 0 0 0 0 0 0 0 0 0 0 0 0 7.50260876E-12 6.281204257E-12 6.260198971E-12 6.210234283E-12 6.196336909E-12 6.2278864E-12 6.263743273E-12 
0 0 0 0 0 0 0 0 0 0 0 0 0 0 0 0 0 0 0 0 0 0 0 0 0 0 7.493804588E-12 6.294990501E-12 6.221361862E-12 6.202975729E-12 6.23195383E-12 6.268428974E-12 
0 0 0 0 0 0 0 0 0 0 0 0 0 0 0 0 0 0 0 0 0 0 0 0 0 0 0 7.618347503E-12 6.225932421E-12 6.185821369E-12 6.210393978E-12 6.244689653E-12 
0 0 0 0 0 0 0 0 0 0 0 0 0 0 0 0 0 0 0 0 0 0 0 0 0 0 0 0 7.460324513E-12 6.250726943E-12 6.248412338E-12 6.27822066E-12 
0 0 0 0 0 0 0 0 0 0 0 0 0 0 0 0 0 0 0 0 0 0 0 0 0 0 0 0 0 7.514827739E-12 6.258907328E-12 6.266817661E-12 
0 0 0 0 0 0 0 0 0 0 0 0 0 0 0 0 0 0 0 0 0 0 0 0 0 0 0 0 0 0 7.426991019E-12 6.292859207E-12 
0 0 0 0 0 0 0 0 0 0 0 0 0 0 0 0 0 0 0 0 0 0 0 0 0 0 0 0 0 0 0 7.684378792E-12 
0 0 0 0 0 0 0 0 0 0 0 0 0 0 0 0 0 0 0 0 0 0 0 0 0 0 0 0 0 0 0 0 
