32 32
0 7.60932491E-12 6.300667461E-12 6.269980791E-12 6.251969102E-12 6.275457391E-12 6.253077235E-12 6.254422262E-12 7.256044866E-12 6.401671984E-12 6.283620494E-12 6.275046165E-12 6.265793136E-12 6.268738171E-12 6.297627205E-12 6.256244789E-12 6.270457166E-12 6.288127396E-12 6.228320706E-12 6.281612348E-12 6.267390376E-12 6.266858727E-12 6.275693731E-12 6.262854684E-12 6.270317325E-12 6.251503967E-12 6.255672508E-12 6.268545975E-12 6.228264953E-12 6.217404569E-12 6.247848659E-12 6.284449037E-12 
0 0 7.627617043E-12 6.329719881E-12 6.286974036E-12 6.309891629E-12 6.283918507E-12 6.287701074E-12 6.392466663E-12 7.158208576E-12 6.412591606E-12 6.314808279E-12 6.296729655E-12 6.298973071E-12 6.327505126E-12 6.284808969E-12 6.278031335E-12 6.319852904E-12 6.259317659E-12 6.310963898E-12 6.297073179E-12 6.296863317E-12 6.306544008E-12 6.294014203E-12 6.293555215E-12 6.277134803E-12 6.284857965E-12 6.299030992E-12 6.25660227E-12 6.246744336E-12 6.278877377E-12 6.313673945E-12 
0 0 0 7.470613582E-12 6.267671544E-12 6.2831403E-12 6.239866992E-12 6.241489188E-12 6.253629678E-12 6.361735943E-12 7.203835242E-12 6.359426002E-12 6.261770993E-12 6.255477227E-12 6.281101161E-12 6.23821708E-12 6.224988312E-12 6.265289471E-12 6.215535541E-12 6.264650338E-12 6.252340055E-12 6.250010611E-12 6.258689676E-12 6.245213655E-12 6.243497867E-12 6.227381595E-12 6.236368788E-12 6.251298079E-12 6.210618303E-12 6.197983563E-12 6.231335808E-12 6.267614792E-12 
0 0 0 0 7.400751452E-12 6.738287253E-12 6.286482451E-12 6.28276414E-12 6.279283779E-12 6.30981759E-12 6.391730356E-12 7.243210596E-12 6.372039441E-12 6.301903355E-12 6.323637071E-12 6.276138765E-12 6.257346877E-12 6.29885667E-12 6.246140049E-12 6.306284642E-12 6.29094256E-12 6.287690586E-12 6.29761188E-12 6.284076942E-12 6.281112433E-12 6.266608255E-12 6.274600652E-12 6.288811638E-12 6.248349743E-12 6.237452758E-12 6.269651036E-12 6.305393437E-12 
0 0 0 0 0 8.240820228E-11 6.777214343E-12 6.293266148E-12 6.255775597E-12 6.279991233E-12 6.277112363E-12 6.377723764E-12 7.136128141E-12 6.447401534E-12 6.347940122E-12 6.273541906E-12 6.239604281E-12 6.279829191E-12 6.229212081E-12 6.284342397E-12 6.280840308E-12 6.279433429E-12 6.287468643E-12 6.270072344E-12 6.263043159E-12 6.248861438E-12 6.25652308E-12 6.271578307E-12 6.232102525E-12 6.222902292E-12 6.251565944E-12 6.289745637E-12 
0 0 0 0 0 0 7.437942545E-12 6.277051456E-12 6.220137429E-12 6.245368688E-12 6.242458289E-12 6.287597505E-12 6.440278473E-12 7.079342241E-12 6.367875347E-12 6.2414199E-12 6.204102702E-12 6.246079628E-12 6.192255252E-12 6.252135464E-12 6.247257935E-12 6.250308147E-12 6.253394921E-12 6.237924994E-12 6.226703768E-12 6.212299521E-12 6.218993983E-12 6.23498487E-12 6.195386908E-12 6.185024883E-12 6.216394103E-12 6.252851667E-12 
0 0 0 0 0 0 0 7.662433637E-12 6.260807585E-12 6.282298152E-12 6.272779814E-12 6.28254171E-12 6.287655672E-12 6.37604146E-12 7.302218469E-12 6.385311927E-12 6.245828481E-12 6.285718547E-12 6.231752205E-12 6.290362403E-12 6.281234042E-12 6.283308807E-12 6.300008484E-12 6.288304407E-12 6.270818961E-12 6.255079354E-12 6.26632261E-12 6.278324013E-12 6.239707619E-12 6.230542805E-12 6.262973143E-12 6.29780711E-12 
0 0 0 0 0 0 0 0 6.268934086E-12 6.288760387E-12 6.278938794E-12 6.287588932E-12 6.281646745E-12 6.299648541E-12 6.443650537E-12 7.253029003E-12 6.250409705E-12 6.288246499E-12 6.235317E-12 6.291710587E-12 6.283351896E-12 6.28831635E-12 6.303162366E-12 6.311070683E-12 6.274177953E-12 6.25940331E-12 6.267329787E-12 6.283784987E-12 6.244103149E-12 6.235763153E-12 6.268136049E-12 6.311870271E-12 
0 0 0 0 0 0 0 0 0 7.530281317E-12 6.299761572E-12 6.280144775E-12 6.267221776E-12 6.271239632E-12 6.300416951E-12 6.258732061E-12 7.262025792E-12 6.405701706E-12 6.245974753E-12 6.285074681E-12 6.270570326E-12 6.270452182E-12 6.281487581E-12 6.267800781E-12 6.297802304E-12 6.26348108E-12 6.263885249E-12 6.275272645E-12 6.232138064E-12 6.221893254E-12 6.252221162E-12 6.289245319E-12 
0 0 0 0 0 0 0 0 0 0 7.573648848E-12 6.301222122E-12 6.272574713E-12 6.273711291E-12 6.301660446E-12 6.257259915E-12 6.351340497E-12 7.197693109E-12 6.330556078E-12 6.293700662E-12 6.274872986E-12 6.27122989E-12 6.28050783E-12 6.267223322E-12 6.275392369E-12 6.263239121E-12 6.268480408E-12 6.275103064E-12 6.233105288E-12 6.224099315E-12 6.252495906E-12 6.288393958E-12 
0 0 0 0 0 0 0 0 0 0 0 7.370936366E-12 6.315139132E-12 6.30003363E-12 6.325628568E-12 6.2820214E-12 6.282226533E-12 6.416204675E-12 7.108412798E-12 6.409472255E-12 6.308214401E-12 6.297623196E-12 6.302866246E-12 6.291435571E-12 6.293094622E-12 6.278131289E-12 6.301160805E-12 6.302796933E-12 6.258930439E-12 6.246335782E-12 6.276702099E-12 6.310806993E-12 
0 0 0 0 0 0 0 0 0 0 0 0 7.447076625E-12 6.306247382E-12 6.313262036E-12 6.269548036E-12 6.251096846E-12 6.300457683E-12 6.340305897E-12 7.169574531E-12 6.395013414E-12 6.290781604E-12 6.29184162E-12 6.275713888E-12 6.273679545E-12 6.259619976E-12 6.276285595E-12 6.291435083E-12 6.244304779E-12 6.232100581E-12 6.260930159E-12 6.296000028E-12 
0 0 0 0 0 0 0 0 0 0 0 0 0 7.469643846E-12 6.318787996E-12 6.257513896E-12 6.230866777E-12 6.27287282E-12 6.230614172E-12 6.368647169E-12 7.18298086E-12 6.36988881E-12 6.284669003E-12 6.265273401E-12 6.256979296E-12 6.239473484E-12 6.254253953E-12 6.26954943E-12 6.23306819E-12 6.219426644E-12 6.247690048E-12 6.281121684E-12 
0 0 0 0 0 0 0 0 0 0 0 0 0 0 7.440135765E-12 6.279854328E-12 6.229685242E-12 6.269181793E-12 6.218059094E-12 6.284182652E-12 6.366548098E-12 7.19977694E-12 6.380871728E-12 6.273438479E-12 6.253723909E-12 6.24052822E-12 6.247394279E-12 6.267228195E-12 6.231439382E-12 6.221960739E-12 6.249047962E-12 6.286043051E-12 
0 0 0 0 0 0 0 0 0 0 0 0 0 0 0 7.589763654E-12 6.248349451E-12 6.28850898E-12 6.237502659E-12 6.293801308E-12 6.294018035E-12 6.387695655E-12 7.153709728E-12 6.391910053E-12 6.275861218E-12 6.258881227E-12 6.266591366E-12 6.284505422E-12 6.244816689E-12 6.240446633E-12 6.275915268E-12 6.313474526E-12 
0 0 0 0 0 0 0 0 0 0 0 0 0 0 0 0 6.254750185E-12 6.292749156E-12 6.240004106E-12 6.297092531E-12 6.290593792E-12 6.302254208E-12 6.420972838E-12 7.288245184E-12 6.279762439E-12 6.261909071E-12 6.271965299E-12 6.287468677E-12 6.250460045E-12 6.243053429E-12 6.278724425E-12 6.336352137E-12 
0 0 0 0 0 0 0 0 0 0 0 0 0 0 0 0 0 7.519904872E-12 6.264949802E-12 6.289247257E-12 6.27285909E-12 6.272568869E-12 6.281133931E-12 6.267901995E-12 7.277497976E-12 6.37252541E-12 6.27977701E-12 6.27778303E-12 6.234045935E-12 6.22215574E-12 6.252893951E-12 6.289284331E-12 
0 0 0 0 0 0 0 0 0 0 0 0 0 0 0 0 0 0 7.566109304E-12 6.343172879E-12 6.31385053E-12 6.308651324E-12 6.318312514E-12 6.305573246E-12 6.416191253E-12 7.120240004E-12 6.466620738E-12 6.326541019E-12 6.2764538E-12 6.260697149E-12 6.291677394E-12 6.325303172E-12 
0 0 0 0 0 0 0 0 0 0 0 0 0 0 0 0 0 0 0 7.440648384E-12 6.303309129E-12 6.276997258E-12 6.282075017E-12 6.266343534E-12 6.29994322E-12 6.573938444E-12 1.439213951E-11 6.552314244E-12 6.256554714E-12 6.225676211E-12 6.253724487E-12 6.288462988E-12 
0 0 0 0 0 0 0 0 0 0 0 0 0 0 0 0 0 0 0 0 7.513012054E-12 6.244163364E-12 6.230353644E-12 6.216286948E-12 6.217381675E-12 6.210921137E-12 6.36230402E-12 7.145210577E-12 6.280800386E-12 6.182286605E-12 6.204651228E-12 6.236968893E-12 
0 0 0 0 0 0 0 0 0 0 0 0 0 0 0 0 0 0 0 0 0 7.394384589E-12 6.309850289E-12 6.277830745E-12 6.269942876E-12 6.258009789E-12 6.277047956E-12 6.390599531E-12 7.116435283E-12 6.33933844E-12 6.272508232E-12 6.297648321E-12 
0 0 0 0 0 0 0 0 0 0 0 0 0 0 0 0 0 0 0 0 0 0 7.473643108E-12 6.287256665E-12 6.255372062E-12 6.242210569E-12 6.254572773E-12 6.278759713E-12 6.330757886E-12 7.100308586E-12 6.355143604E-12 6.299907378E-12 
0 0 0 0 0 0 0 0 0 0 0 0 0 0 0 0 0 0 0 0 0 0 0 7.532333306E-12 6.289652243E-12 6.275174544E-12 6.283049167E-12 6.303136652E-12 6.271143096E-12 6.353827238E-12 7.15198579E-12 6.432734381E-12 
0 0 0 0 0 0 0 0 0 0 0 0 0 0 0 0 0 0 0 0 0 0 0 0 6.255137254E-12 6.238453086E-12 6.247649911E-12 6.264835179E-12 6.229226129E-12 6.232669416E-12 6.372639384E-12 7.407068974E-12 
0 0 0 0 0 0 0 0 0 0 0 0 0 0 0 0 0 0 0 0 0 0 0 0 0 7.502128254E-12 6.27949843E-12 6.264381162E-12 6.214252279E-12 6.202489148E-12 6.232957771E-12 6.266760902E-12 
0 0 0 0 0 0 0 0 0 0 0 0 0 0 0 0 0 0 0 0 0 0 0 0 0 0 7.408846778E-12 6.29460727E-12 6.225297512E-12 6.206691307E-12 6.236647228E-12 6.272836316E-12 
0 0 0 0 0 0 0 0 0 0 0 0 0 0 0 0 0 0 0 0 0 0 0 0 0 0 0 7.538163717E-12 6.223845137E-12 6.184912592E-12 6.21170506E-12 6.245507418E-12 
0 0 0 0 0 0 0 0 0 0 0 0 0 0 0 0 0 0 0 0 0 0 0 0 0 0 0 0 7.461710348E-12 6.252107976E-12 6.251048507E-12 6.280908961E-12 
0 0 0 0 0 0 0 0 0 0 0 0 0 0 0 0 0 0 0 0 0 0 0 0 0 0 0 0 0 7.516760341E-12 6.259760849E-12 6.269613204E-12 
0 0 0 0 0 0 0 0 0 0 0 0 0 0 0 0 0 0 0 0 0 0 0 0 0 0 0 0 0 0 7.428625232E-12 6.295223615E-12 
0 0 0 0 0 0 0 0 0 0 0 0 0 0 0 0 0 0 0 0 0 0 0 0 0 0 0 0 0 0 0 7.68532659E-12 
0 0 0 0 0 0 0 0 0 0 0 0 0 0 0 0 0 0 0 0 0 0 0 0 0 0 0 0 0 0 0 0 
