32 32
0 7.626252129E-12 6.310414592E-12 6.277675315E-12 6.260539591E-12 6.274909325E-12 6.251470658E-12 6.256249367E-12 7.266406172E-12 6.407865127E-12 6.282807741E-12 6.275073144E-12 6.268015238E-12 6.269098374E-12 6.302383883E-12 6.255195946E-12 6.273591056E-12 6.291951227E-12 6.230788678E-12 6.282895155E-12 6.269330152E-12 6.268846025E-12 6.277657957E-12 6.26702388E-12 6.274386713E-12 6.252359656E-12 6.258689131E-12 6.270471213E-12 6.231781116E-12 6.218656927E-12 6.249886528E-12 6.286071953E-12 
0 0 7.628098901E-12 6.376788476E-12 6.293622747E-12 6.304429794E-12 6.283190228E-12 6.288394529E-12 6.397311675E-12 7.16621003E-12 6.410333864E-12 6.316418291E-12 6.298266066E-12 6.301520285E-12 6.328726819E-12 6.285884554E-12 6.280085751E-12 6.320620246E-12 6.260402318E-12 6.312903283E-12 6.299497481E-12 6.30093711E-12 6.307935916E-12 6.293731362E-12 6.296874477E-12 6.27986346E-12 6.286574251E-12 6.300481572E-12 6.259278946E-12 6.246144058E-12 6.278757395E-12 6.314105012E-12 
0 0 0 1.461658727E-11 6.36267189E-12 6.28150484E-12 6.249814232E-12 6.24507287E-12 6.258839784E-12 6.369047764E-12 7.226584883E-12 6.42094833E-12 6.281087684E-12 6.262944236E-12 6.286725341E-12 6.242410074E-12 6.228382449E-12 6.270358882E-12 6.217636411E-12 6.271379465E-12 6.256621973E-12 6.253349837E-12 6.260719212E-12 6.249214515E-12 6.247481055E-12 6.234368452E-12 6.242287968E-12 6.255930755E-12 6.212279755E-12 6.203214308E-12 6.236094613E-12 6.268325865E-12 
0 0 0 0 7.518254166E-12 6.329249847E-12 6.291954155E-12 6.281681366E-12 6.278957507E-12 6.314317368E-12 6.402731639E-12 7.222777588E-12 6.373001073E-12 6.30136441E-12 6.320066646E-12 6.278003165E-12 6.259583122E-12 6.298610938E-12 6.245578909E-12 6.305722324E-12 6.293245355E-12 6.288885811E-12 6.296743496E-12 6.282654438E-12 6.282405788E-12 6.265033799E-12 6.274088247E-12 6.286860052E-12 6.247918649E-12 6.236630313E-12 6.267022388E-12 6.303792649E-12 
0 0 0 0 0 7.473031844E-12 6.688129911E-12 6.278169746E-12 6.260310678E-12 6.28347361E-12 6.282473686E-12 6.393641565E-12 7.177436383E-12 6.367557201E-12 6.317800214E-12 6.267524407E-12 6.242445915E-12 6.28189885E-12 6.231604548E-12 6.290202568E-12 6.282362725E-12 6.27977156E-12 6.285167172E-12 6.273532504E-12 6.267010207E-12 6.250547509E-12 6.261346581E-12 6.276812886E-12 6.233934332E-12 6.223258134E-12 6.254906483E-12 6.29081372E-12 
0 0 0 0 0 0 8.646176842E-11 6.783047031E-12 6.222461402E-12 6.244492312E-12 6.234196304E-12 6.252928623E-12 6.342381312E-12 7.090278352E-12 6.470499591E-12 6.282700739E-12 6.204804644E-12 6.245813025E-12 6.19266273E-12 6.252119009E-12 6.244673154E-12 6.251683945E-12 6.256827708E-12 6.244567718E-12 6.229458061E-12 6.216699753E-12 6.224285341E-12 6.238727334E-12 6.199461443E-12 6.191052159E-12 6.220017498E-12 6.257172923E-12 
0 0 0 0 0 0 0 7.507495479E-12 6.262648956E-12 6.283863493E-12 6.275728721E-12 6.287689354E-12 6.317048841E-12 6.457036535E-12 7.272894144E-12 6.36898287E-12 6.244478024E-12 6.283021956E-12 6.229984581E-12 6.287157884E-12 6.2793812E-12 6.285485177E-12 6.299694736E-12 6.284343572E-12 6.269230662E-12 6.252508568E-12 6.261616602E-12 6.276805058E-12 6.236781479E-12 6.228533001E-12 6.25998547E-12 6.298492409E-12 
0 0 0 0 0 0 0 0 6.267475731E-12 6.290996026E-12 6.281404849E-12 6.285171336E-12 6.283605346E-12 6.300109774E-12 6.43294749E-12 7.243591312E-12 6.252517774E-12 6.288678703E-12 6.23545542E-12 6.295138888E-12 6.284491685E-12 6.289926347E-12 6.305124705E-12 6.312700345E-12 6.275995363E-12 6.261168544E-12 6.270377855E-12 6.285150466E-12 6.245984498E-12 6.234929336E-12 6.268043153E-12 6.313335458E-12 
0 0 0 0 0 0 0 0 0 7.532721336E-12 6.299765663E-12 6.28210754E-12 6.270064174E-12 6.272005261E-12 6.304919575E-12 6.260163511E-12 7.264563643E-12 6.406209003E-12 6.243897614E-12 6.288220431E-12 6.273537771E-12 6.273765822E-12 6.282940787E-12 6.270263375E-12 6.29714342E-12 6.263153492E-12 6.263691419E-12 6.276346361E-12 6.233339216E-12 6.221401611E-12 6.253863175E-12 6.290039754E-12 
0 0 0 0 0 0 0 0 0 0 7.574837801E-12 6.301509394E-12 6.274895316E-12 6.278988481E-12 6.302595325E-12 6.257864773E-12 6.34845212E-12 7.200403189E-12 6.328400213E-12 6.293363933E-12 6.274046911E-12 6.269506547E-12 6.278505949E-12 6.266865384E-12 6.276808178E-12 6.26586193E-12 6.26891465E-12 6.278655177E-12 6.233663371E-12 6.222176867E-12 6.252142799E-12 6.289227411E-12 
0 0 0 0 0 0 0 0 0 0 0 7.370559088E-12 6.320066881E-12 6.302676802E-12 6.32372536E-12 6.282374031E-12 6.280034261E-12 6.418068455E-12 7.111023164E-12 6.407532547E-12 6.3048784E-12 6.295618222E-12 6.302533725E-12 6.290044429E-12 6.292814254E-12 6.280580881E-12 6.295242447E-12 6.301434368E-12 6.258644688E-12 6.246270605E-12 6.277428381E-12 6.313166014E-12 
0 0 0 0 0 0 0 0 0 0 0 0 7.452872905E-12 6.307284605E-12 6.314663055E-12 6.269343862E-12 6.254242041E-12 6.302876798E-12 6.339160946E-12 7.173013569E-12 6.397040761E-12 6.294636095E-12 6.294330413E-12 6.279961175E-12 6.277147941E-12 6.264046072E-12 6.273287695E-12 6.292640756E-12 6.247715532E-12 6.233240238E-12 6.263095475E-12 6.29637451E-12 
0 0 0 0 0 0 0 0 0 0 0 0 0 7.475683516E-12 6.320793259E-12 6.258310542E-12 6.233635531E-12 6.27429376E-12 6.22877171E-12 6.370653598E-12 7.183069458E-12 6.368790003E-12 6.285131985E-12 6.264564394E-12 6.257417835E-12 6.243316128E-12 6.253190268E-12 6.270231464E-12 6.234036206E-12 6.217562496E-12 6.246284786E-12 6.280360914E-12 
0 0 0 0 0 0 0 0 0 0 0 0 0 0 7.437764841E-12 6.27824799E-12 6.22924084E-12 6.269871789E-12 6.217270854E-12 6.283957588E-12 6.363861689E-12 7.199553877E-12 6.378653503E-12 6.273732748E-12 6.253992006E-12 6.238396235E-12 6.249539782E-12 6.266128131E-12 6.229022688E-12 6.226112404E-12 6.249284404E-12 6.287217458E-12 
0 0 0 0 0 0 0 0 0 0 0 0 0 0 0 7.583766719E-12 6.249020768E-12 6.288249353E-12 6.235567889E-12 6.293189006E-12 6.293314028E-12 6.387252732E-12 7.15336109E-12 6.389883781E-12 6.275760659E-12 6.259404765E-12 6.266744065E-12 6.283630129E-12 6.244720823E-12 6.238603776E-12 6.276283597E-12 6.306782183E-12 
0 0 0 0 0 0 0 0 0 0 0 0 0 0 0 0 6.252023571E-12 6.293679558E-12 6.238448406E-12 6.295015334E-12 6.289465931E-12 6.303521941E-12 6.419050514E-12 7.287106392E-12 6.27739137E-12 6.263052705E-12 6.27067824E-12 6.28622355E-12 6.248017229E-12 6.240824887E-12 6.27819759E-12 6.335790252E-12 
0 0 0 0 0 0 0 0 0 0 0 0 0 0 0 0 0 7.523235077E-12 6.256301858E-12 6.290731925E-12 6.271848259E-12 6.27143708E-12 6.279061341E-12 6.269487485E-12 7.28000598E-12 6.374412687E-12 6.276829745E-12 6.280413954E-12 6.237016774E-12 6.222866847E-12 6.254368353E-12 6.288477754E-12 
0 0 0 0 0 0 0 0 0 0 0 0 0 0 0 0 0 0 7.522271757E-12 6.345648911E-12 6.31514506E-12 6.3109788E-12 6.318151649E-12 6.305852163E-12 6.416259548E-12 7.135418794E-12 6.400270395E-12 6.328425802E-12 6.274098902E-12 6.262790073E-12 6.29019204E-12 6.327333636E-12 
0 0 0 0 0 0 0 0 0 0 0 0 0 0 0 0 0 0 0 7.404720125E-12 6.296621489E-12 6.27389994E-12 6.279865361E-12 6.265604946E-12 6.281593466E-12 6.363905225E-12 7.161098911E-12 6.384286588E-12 6.245270759E-12 6.224333773E-12 6.252234126E-12 6.287077085E-12 
0 0 0 0 0 0 0 0 0 0 0 0 0 0 0 0 0 0 0 0 7.515221771E-12 6.244330525E-12 6.234816282E-12 6.217328076E-12 6.217350682E-12 6.213821646E-12 6.315694581E-12 7.159536692E-12 6.285115153E-12 6.183936463E-12 6.206168889E-12 6.239112649E-12 
0 0 0 0 0 0 0 0 0 0 0 0 0 0 0 0 0 0 0 0 0 7.396542387E-12 6.310061689E-12 6.278024105E-12 6.269048895E-12 6.258831102E-12 6.275844104E-12 6.390510208E-12 7.114524315E-12 6.337347077E-12 6.269357509E-12 6.295113986E-12 
0 0 0 0 0 0 0 0 0 0 0 0 0 0 0 0 0 0 0 0 0 0 7.472459298E-12 6.289465276E-12 6.256354573E-12 6.242121191E-12 6.252706675E-12 6.277082375E-12 6.333027854E-12 7.098536824E-12 6.354410025E-12 6.294560045E-12 
0 0 0 0 0 0 0 0 0 0 0 0 0 0 0 0 0 0 0 0 0 0 0 7.529265574E-12 6.287522191E-12 6.274273652E-12 6.282366907E-12 6.299632196E-12 6.272181826E-12 6.351310815E-12 7.151113438E-12 6.429092422E-12 
0 0 0 0 0 0 0 0 0 0 0 0 0 0 0 0 0 0 0 0 0 0 0 0 6.252565973E-12 6.23834458E-12 6.247881356E-12 6.261918785E-12 6.226208844E-12 6.22583795E-12 6.369237631E-12 7.403232502E-12 
0 0 0 0 0 0 0 0 0 0 0 0 0 0 0 0 0 0 0 0 0 0 0 0 0 7.503040422E-12 6.282313346E-12 6.263582066E-12 6.216155766E-12 6.2001535E-12 6.229399377E-12 6.264230591E-12 
0 0 0 0 0 0 0 0 0 0 0 0 0 0 0 0 0 0 0 0 0 0 0 0 0 0 7.498748026E-12 6.299070084E-12 6.22594571E-12 6.208542794E-12 6.235042934E-12 6.270468413E-12 
0 0 0 0 0 0 0 0 0 0 0 0 0 0 0 0 0 0 0 0 0 0 0 0 0 0 0 7.622490846E-12 6.228814704E-12 6.186673796E-12 6.210590851E-12 6.243581072E-12 
0 0 0 0 0 0 0 0 0 0 0 0 0 0 0 0 0 0 0 0 0 0 0 0 0 0 0 0 7.46120835E-12 6.250511982E-12 6.24887666E-12 6.279814072E-12 
0 0 0 0 0 0 0 0 0 0 0 0 0 0 0 0 0 0 0 0 0 0 0 0 0 0 0 0 0 7.512224011E-12 6.255459625E-12 6.265062663E-12 
0 0 0 0 0 0 0 0 0 0 0 0 0 0 0 0 0 0 0 0 0 0 0 0 0 0 0 0 0 0 7.420063047E-12 6.291756667E-12 
0 0 0 0 0 0 0 0 0 0 0 0 0 0 0 0 0 0 0 0 0 0 0 0 0 0 0 0 0 0 0 7.684076546E-12 
0 0 0 0 0 0 0 0 0 0 0 0 0 0 0 0 0 0 0 0 0 0 0 0 0 0 0 0 0 0 0 0 
